#CHICAGO MONTHLY DIVERSION (m^3/s)
# FORTRAN FORMAT  I4 12F8.0
#,             1900         ,              2017 
UNITS:m3s
INTERVAL:m
#####.
1900     57.     82.     76.     93.    108.    108.    113.    119.     82.    113.    125.    139.
1901    156.    161.    167.    142.    105.     99.    105.    127.    127.    125.    127.    133.
1902    136.    136.    136.    136.    136.    133.    139.    136.    139.    136.    136.    170.
1903    190.    178.    167.    147.    147.    153.    156.    144.    139.    144.    150.    173.
1904    176.    167.    176.    170.    164.    136.    150.    150.    139.    133.    147.    164.
1905    167.    176.    176.    153.    136.    139.    136.    142.    142.    147.    116.    130.
1906    147.    150.    144.    150.    153.    144.    133.    116.    125.    167.    167.    159.
1907    170.    176.    161.    161.    161.    176.    178.    195.    153.    139.    144.    161.
1908    136.    147.    212.    238.    232.    232.    215.    210.    204.    204.    201.    201.
1909    195.    193.    193.    210.    212.    215.    221.    218.    207.    195.    193.    195.
1910    212.    204.    221.    218.    218.    224.    215.    210.    207.    221.    212.    204.
1911    174.    173.    168.    172.    177.    203.    217.    208.    215.    224.    216.    198.
1912    177.    169.    174.    193.    180.    195.    212.    220.    220.    216.    210.    193.
1913    193.    188.    184.    192.    223.    237.    243.    259.    259.    245.    225.    216.
1914    207.    207.    194.    204.    227.    231.    223.    234.    257.    238.    216.    218.
1915    211.    217.    208.    193.    215.    223.    220.    240.    229.    219.    226.    228.
1916    224.    215.    214.    212.    220.    241.    271.    257.    231.    226.    239.    236.
1917    231.    222.    219.    223.    230.    260.    282.    280.    275.    258.    248.    237.
1918    219.    240.    237.    244.    254.    269.    281.    265.    245.    247.    247.    252.
1919    242.    227.    242.    249.    276.    255.    243.    240.    233.    244.    246.    223.
1920    232.    230.    241.    234.    220.    228.    233.    241.    257.    248.    240.    234.
1921    221.    221.    221.    228.    220.    230.    253.    243.    243.    251.    258.    248.
1922    230.    226.    243.    228.    246.    253.    246.    242.    250.    243.    241.    225.
1923    222.    212.    219.    217.    227.    231.    229.    237.    239.    236.    233.    229.
1924    210.    229.    265.    275.    270.    293.    275.    282.    267.    259.    238.    224.
1925    211.    218.    228.    236.    235.    239.    240.    232.    235.    226.    205.    206.
1926    204.    219.    225.    250.    244.    259.    251.    254.    222.    191.    250.    246.
1927    241.    223.    258.    222.    192.    186.    222.    258.    284.    277.    290.    217.
1928    239.    277.    283.    288.    285.    291.    290.    292.    285.    284.    294.    293.
1929    286.    288.    234.    193.    164.    284.    257.    268.    312.    324.    313.    287.
1930    219.    224.    252.    276.    232.    241.    232.    294.    252.    210.    203.    205.
1931    230.    217.    215.    214.    226.    237.    225.    255.    250.    248.    239.    224.
1932    227.    210.    203.    221.    232.    231.    219.    245.    251.    250.    235.    230.
1933    202.    193.    217.    232.    219.    242.    253.    248.    241.    218.    229.    226.
1934    206.    202.    198.    225.    238.    248.    247.    246.    245.    233.    234.    237.
1935    235.    236.    233.    237.    235.    233.    227.    219.    204.    222.    248.    219.
1936    177.    187.    188.    193.    215.    182.    198.    201.    204.    167.    184.    139.
1937    177.    159.    154.    179.    165.    190.    207.    217.    196.    203.    209.    205.
1938    181.    208.    215.    217.    178.    189.    184.    191.    205.    156.    166.    155.
1939     82.    112.     91.     76.     74.    119.     81.     82.     80.     85.     80.     98.
1940     83.     78.     88.     84.     91.     80.    101.    110.     88.     89.     79.    140.
1941     73.     72.     80.     77.    102.    112.    105.    102.     96.     79.     64.     93.
1942     77.     98.     83.     81.     87.     88.     93.    100.    106.     80.     78.     83.
1943     70.     74.     78.     76.    127.    105.    116.    101.     93.     84.     65.     66.
1944     91.     75.     90.     89.     86.     94.     93.     94.     87.     89.     95.     85.
1945     83.     81.     78.     98.    111.    104.     92.     94.     91.     81.     71.     66.
1946     81.     82.     85.     74.    116.    101.    107.    100.     91.     75.     77.     64.
1947     82.     79.     81.    114.     87.     98.     83.    113.     84.     74.     67.     96.
1948     73.     71.     88.     67.     82.     98.    111.    126.    113.     89.     70.     80.
1949     70.     67.     69.     70.     97.    117.    120.    116.    105.     85.     68.     80.
1950     71.     72.     74.     84.     74.    111.    115.    113.    106.     84.     68.     87.
1951     75.     77.     76.     84.     90.    107.    107.    109.    111.     90.     69.     59.
1952     67.     62.     76.     77.     89.    111.    115.    114.     96.     78.     81.     96.
1953     70.     68.     79.     78.     89.    100.    101.    119.    126.     78.     86.     90.
1954     81.     74.     82.     94.     89.     94.    112.    113.     90.    120.     60.     78.
1955     77.     80.     74.    100.    105.    105.    104.    108.     91.     80.     80.     98.
1956     80.     79.     77.    102.     97.    102.    109.    115.     92.     92.     82.    165.
1957    258.    227.     81.     95.     95.     95.    114.     97.     85.     89.     86.     96.
1958     81.     95.     79.     92.     97.     99.    103.     98.     88.     84.     95.     97.
1959    131.     73.     80.     80.     76.     95.    105.    118.     92.     87.     83.     98.
1960    101.     82.     87.    104.     98.     92.     91.     90.     96.     83.     86.    101.
1961     83.     82.     85.    100.    100.    105.    104.    106.    129.     65.     58.     84.
1962     83.     69.     72.     83.    100.    104.    109.    116.    105.     89.     89.    100.
1963     68.     75.     78.    110.    111.    106.    109.    101.     91.     77.     88.     96.
1964     70.     70.     76.     91.     99.    112.    116.    103.    105.     78.     99.     89.
1965     80.     79.     85.     95.     84.     90.     97.    120.    103.     79.     79.     96.
1966     64.     75.     82.     97.    115.     74.     95.    113.     99.     78.     94.    103.
1967     65.     69.     80.    101.     73.    112.     92.    105.    111.    113.     86.     96.
1968     63.     70.     51.     78.     94.    106.    104.    123.     97.     93.    110.    127.
1969     82.     57.     62.    101.    103.    126.    138.    121.    115.     88.     55.     93.
1970     81.     92.     59.    119.    125.    117.     99.     88.     98.     84.     73.     59.
1971     57.     73.     68.     56.     78.     90.    132.    168.    111.     98.     81.     83.
1972     54.     53.     83.     96.     86.     99.    123.    155.    156.     78.     91.     81.
1973     75.     56.    130.    128.    112.    102.     90.     69.     69.     67.     53.     76.
1974     82.     79.     76.     95.    154.    117.     79.     64.     57.     50.     61.     87.
1975    102.    117.     71.    158.     94.    100.     71.    115.     56.     58.     57.     68.
1976     78.    135.    122.    102.     99.     96.     76.     63.     59.     56.     60.     85.
1977    117.    129.     72.     64.     62.     89.     80.     82.    115.     61.     54.     66.
1978     54.     64.     90.    114.     96.    103.    137.     96.    108.     69.     50.     58.
1979     54.     60.    224.    114.     77.     96.    105.    136.     98.     78.     63.     69.
1980     53.     58.     76.     84.     75.    101.    118.    122.    136.     78.     50.     65.
1981     54.     69.     54.     96.     92.    143.    120.    119.    120.     61.     57.     54.
1982     67.     71.    136.     89.     82.     88.    119.    131.     99.     69.     81.    170.
1983     56.     72.     79.    143.    109.     98.    147.    109.    110.     92.     86.     93.
1984     66.     89.    105.     97.    108.    115.    118.    115.    115.    100.     75.     76.
1985     82.    104.    117.     95.     86.    102.    123.    125.    123.    114.    131.     87.
1986     69.     93.     90.     83.    101.    123.    146.    128.    138.    141.     89.     79.
1987     70.     75.     85.     97.    114.    116.    124.    180.    136.     88.     77.    103.
1988     90.     83.     83.     96.     79.     97.    114.    129.    129.     90.    104.     75.
1989     74.     64.     82.     72.     79.    124.    121.    132.    138.     79.     73.     63.
1990     76.     83.    103.     79.    145.    105.    124.    142.    133.     99.    115.     89.
1991     71.     73.    103.    119.    112.    107.    115.    119.     97.    105.     89.     83.
1992     67.     76.     84.    145.    148.    108.    124.    115.    138.     88.     95.     79.
1993    113.     67.    101.    130.     82.    165.    128.    133.    133.     78.     71.     64.
1994     73.     89.     85.     78.     72.    113.    116.    117.    101.     79.     89.     78.
1995     95.     65.     73.    105.     95.     96.    111.    116.     94.     76.     83.     58.
1996     62.     64.     63.     74.    127.    124.    129.    102.    104.     79.     66.     71.
1997     73.    125.     83.     72.     82.    106.    110.    119.     99.     78.     60.     61.
1998     85.     82.    100.     94.    101.     95.    105.    114.     86.     76.     59.     56.
1999     89.     68.     66.    122.     78.    110.     96.     96.     80.     62.     47.     57.
2000     50.     59.     52.     89.     78.    105.     95.     86.    104.     65.     64.     54.
2001     57.    101.     66.     71.     71.     82.     86.    109.    101.    122.     60.     61.
2002     51.     72.     83.     89.    105.     88.     84.    109.     72.     57.     44.     48.
2003     40.     42.     52.     64.    106.     74.    113.     99.     78.     58.     89.     58.
2004     48.     54.     81.     60.     98.    112.    106.    104.     73.     58.     71.     75.
2005    100.     88.     64.     66.     66.     78.     82.     91.    108.     60.     50.     45.
2006     61.     51.     66.     77.     77.     87.     96.    111.    116.     91.     63.     91.
2007     75.     58.     96.     94.     71.     87.     94.    148.     87.     62.     49.     56.
2008     80.     82.     79.     81.     79.     87.     95.    105.    171.     76.     44.     92.
2009     64.     91.    117.    109.     99.    117.     86.     98.     78.     93.     60.     72.
2010     57.     46.     73.     73.     93.    122.    103.    104.     77.     56.     50.     48.
2011     52.     75.     76.     97.     99.    111.    104.    102.     79.     91.     91.     91.
2012     91.     91.     91.     91.     91.     91.     91.     91.     91.     91.     91.     91.
2013     91.     91.     91.     91.     91.     91.     91.     91.     91.     91.     91.     91.
2014     91.     91.     91.     91.     91.     91.     91.     91.     91.     91.     91.     91.
2015     91.     91.     91.     91.     91.     91.     91.     91.     91.     91.     91.     91.
2016     91.     91.     91.     91.     91.     91.     91.     91.     91.     91.     91.     91.
2017     91.     91.     91.     91.     91.     91.     91.     91.     91.     91.     91.     91.