#LAKE MICHIGAN - HURON BEGINNING OF MONTH LEVELS (METRES 1985 DATUM)
# FORTRAN FORMAT I4 12F8.2
#,             1900         ,              2017 
UNITS:m
INTERVAL:m
###.##
1900  176.41  176.36  176.42  176.42  176.50  176.54  176.57  176.66  176.69  176.67  176.65  176.61
1901  176.50  176.45  176.43  176.56  176.66  176.73  176.76  176.81  176.78  176.66  176.61  176.49
1902  176.44  176.38  176.35  176.40  176.45  176.53  176.63  176.72  176.65  176.60  176.50  176.47
1903  176.37  176.35  176.39  176.49  176.55  176.63  176.65  176.67  176.66  176.68  176.61  176.50
1904  176.43  176.41  176.42  176.56  176.69  176.85  176.90  176.91  176.88  176.84  176.78  176.66
1905  176.56  176.53  176.53  176.63  176.67  176.80  176.90  176.94  176.91  176.85  176.74  176.69
1906  176.62  176.65  176.68  176.71  176.79  176.84  176.90  176.89  176.82  176.76  176.69  176.66
1907  176.62  176.66  176.65  176.70  176.75  176.84  176.90  176.91  176.87  176.84  176.74  176.66
1908  176.61  176.56  176.60  176.66  176.76  176.92  176.95  176.99  176.88  176.78  176.66  176.52
1909  176.44  176.41  176.44  176.45  176.60  176.73  176.77  176.77  176.71  176.64  176.50  176.46
1910  176.45  176.45  176.43  176.45  176.55  176.59  176.59  176.56  176.53  176.49  176.42  176.35
1911  176.24  176.24  176.24  176.23  176.31  176.42  176.45  176.40  176.35  176.32  176.29  176.27
1912  176.25  176.23  176.23  176.22  176.33  176.56  176.58  176.61  176.63  176.63  176.57  176.55
1913  176.49  176.45  176.43  176.53  176.70  176.81  176.83  176.83  176.77  176.68  176.61  176.59
1914  176.48  176.45  176.44  176.46  176.51  176.58  176.66  176.66  176.63  176.56  176.48  176.38
1915  176.27  176.28  176.31  176.28  176.29  176.34  176.40  176.42  176.42  176.43  176.31  176.29
1916  176.22  176.24  176.25  176.32  176.51  176.66  176.79  176.80  176.71  176.66  176.63  176.59
1917  176.60  176.58  176.56  176.61  176.73  176.81  176.98  177.05  176.99  176.90  176.80  176.74
1918  176.66  176.67  176.72  176.81  176.89  177.03  177.02  177.00  176.94  176.83  176.78  176.74
1919  176.73  176.66  176.60  176.68  176.78  176.88  176.85  176.82  176.72  176.65  176.61  176.54
1920  176.48  176.43  176.42  176.54  176.64  176.66  176.73  176.74  176.72  176.68  176.59  176.49
1921  176.44  176.40  176.37  176.45  176.61  176.61  176.60  176.54  176.50  176.45  176.36  176.28
1922  176.27  176.20  176.24  176.30  176.50  176.58  176.61  176.65  176.56  176.49  176.34  176.26
1923  176.16  176.10  176.07  176.12  176.24  176.35  176.40  176.38  176.33  176.30  176.22  176.11
1924  176.06  175.99  176.00  176.06  176.14  176.25  176.29  176.31  176.34  176.27  176.14  176.05
1925  175.94  175.88  175.89  175.94  175.96  175.94  175.99  175.99  175.90  175.84  175.76  175.71
1926  175.66  175.65  175.66  175.70  175.81  175.90  176.00  176.01  175.99  175.96  175.92  175.95
1927  175.92  175.92  175.95  176.04  176.12  176.26  176.31  176.33  176.24  176.20  176.14  176.13
1928  176.10  176.08  176.11  176.18  176.37  176.46  176.56  176.59  176.60  176.56  176.63  176.65
1929  176.64  176.65  176.60  176.71  176.95  177.12  177.17  177.16  177.08  176.96  176.86  176.75
1930  176.65  176.62  176.66  176.66  176.70  176.76  176.82  176.83  176.74  176.62  176.48  176.36
1931  176.26  176.18  176.13  176.15  176.15  176.19  176.20  176.15  176.03  176.06  175.97  175.99
1932  175.88  175.94  175.92  175.91  175.95  176.03  176.03  176.02  175.98  175.89  175.84  175.77
1933  175.77  175.74  175.73  175.72  175.88  176.03  176.06  176.05  175.94  175.86  175.79  175.72
1934  175.68  175.70  175.63  175.67  175.77  175.80  175.85  175.83  175.77  175.81  175.72  175.75
1935  175.74  175.72  175.73  175.80  175.87  175.91  176.01  176.03  175.98  175.94  175.87  175.88
1936  175.80  175.81  175.82  175.88  175.93  176.03  176.05  176.01  176.00  175.99  175.94  175.83
1937  175.81  175.80  175.83  175.79  175.93  176.00  176.05  176.04  176.01  175.94  175.88  175.83
1938  175.75  175.78  175.87  176.02  176.11  176.20  176.29  176.32  176.33  176.31  176.22  176.15
1939  176.09  176.05  176.07  176.10  176.22  176.32  176.43  176.43  176.45  176.38  176.30  176.21
1940  176.12  176.06  176.03  175.99  176.04  176.15  176.24  176.25  176.25  176.21  176.11  176.09
1941  176.07  176.06  176.05  176.02  176.13  176.16  176.16  176.14  176.06  176.06  176.11  176.15
1942  176.12  176.11  176.11  176.22  176.30  176.43  176.51  176.51  176.43  176.39  176.34  176.29
1943  176.24  176.24  176.27  176.37  176.48  176.64  176.84  176.89  176.89  176.82  176.74  176.70
1944  176.58  176.56  176.53  176.55  176.59  176.64  176.71  176.70  176.63  176.62  176.52  176.47
1945  176.38  176.34  176.32  176.39  176.47  176.61  176.74  176.75  176.70  176.67  176.61  176.59
1946  176.53  176.55  176.56  176.66  176.66  176.71  176.76  176.72  176.63  176.55  176.46  176.36
1947  176.30  176.27  176.26  176.26  176.47  176.65  176.76  176.80  176.78  176.74  176.69  176.61
1948  176.48  176.42  176.41  176.53  176.64  176.71  176.73  176.70  176.61  176.47  176.31  176.31
1949  176.22  176.21  176.20  176.20  176.27  176.30  176.37  176.37  176.26  176.16  176.06  175.97
1950  175.92  175.96  175.98  176.06  176.21  176.28  176.38  176.45  176.44  176.42  176.37  176.33
1951  176.31  176.33  176.37  176.45  176.70  176.78  176.84  176.93  176.94  176.89  176.93  176.94
1952  176.92  176.96  176.94  176.98  177.14  177.20  177.23  177.27  177.26  177.15  176.96  176.93
1953  176.88  176.83  176.81  176.87  176.95  177.02  177.10  177.09  177.07  176.96  176.87  176.76
1954  176.67  176.60  176.63  176.65  176.78  176.84  176.96  176.96  176.92  176.90  176.99  176.93
1955  176.85  176.80  176.76  176.76  176.87  176.89  176.89  176.83  176.73  176.55  176.49  176.42
1956  176.33  176.30  176.29  176.32  176.42  176.55  176.58  176.60  176.61  176.49  176.40  176.32
1957  176.26  176.19  176.17  176.17  176.24  176.32  176.39  176.42  176.34  176.27  176.20  176.18
1958  176.17  176.15  176.12  176.11  176.14  176.11  176.13  176.14  176.08  176.03  175.94  175.85
1959  175.76  175.74  175.76  175.81  176.00  176.11  176.11  176.10  176.14  176.09  176.10  176.12
1960  176.14  176.14  176.16  176.15  176.34  176.58  176.69  176.76  176.75  176.69  176.58  176.54
1961  176.42  176.33  176.31  176.34  176.40  176.42  176.47  176.47  176.42  176.42  176.35  176.28
1962  176.20  176.18  176.19  176.23  176.30  176.36  176.37  176.34  176.29  176.20  176.11  176.00
1963  175.91  175.85  175.83  175.91  175.97  176.04  176.04  176.04  176.01  175.94  175.85  175.76
1964  175.65  175.61  175.57  175.57  175.67  175.75  175.76  175.78  175.76  175.74  175.66  175.63
1965  175.60  175.60  175.63  175.68  175.86  175.98  176.01  176.01  176.02  176.11  176.08  176.09
1966  176.11  176.07  176.08  176.18  176.24  176.27  176.29  176.26  176.21  176.10  176.01  176.05
1967  176.07  176.07  176.06  176.09  176.30  176.36  176.50  176.49  176.45  176.37  176.33  176.30
1968  176.32  176.29  176.28  176.30  176.39  176.44  176.53  176.55  176.58  176.60  176.52  176.49
1969  176.48  176.48  176.47  176.48  176.62  176.75  176.89  176.96  176.91  176.79  176.73  176.68
1970  176.59  176.57  176.53  176.53  176.63  176.72  176.77  176.82  176.74  176.77  176.70  176.65
1971  176.64  176.61  176.64  176.70  176.83  176.90  176.94  176.96  176.92  176.86  176.81  176.73
1972  176.76  176.67  176.64  176.67  176.81  176.91  176.95  177.01  177.08  177.06  177.00  176.97
1973  176.96  176.96  176.92  177.04  177.13  177.26  177.31  177.28  177.27  177.16  177.10  177.01
1974  176.96  176.97  176.95  176.99  177.13  177.21  177.29  177.27  177.20  177.09  176.99  176.93
1975  176.88  176.83  176.86  176.90  177.00  177.09  177.16  177.13  177.10  177.02  176.87  176.84
1976  176.80  176.74  176.79  176.96  177.06  177.14  177.16  177.13  177.01  176.87  176.71  176.61
1977  176.47  176.37  176.39  176.51  176.59  176.56  176.56  176.54  176.54  176.54  176.47  176.49
1978  176.49  176.47  176.43  176.43  176.55  176.65  176.68  176.69  176.69  176.70  176.64  176.59
1979  176.52  176.50  176.48  176.63  176.81  176.91  176.98  176.97  177.01  176.90  176.84  176.84
1980  176.80  176.76  176.71  176.69  176.83  176.87  176.93  176.93  176.93  176.85  176.77  176.68
1981  176.60  176.55  176.60  176.59  176.72  176.76  176.83  176.81  176.81  176.75  176.70  176.62
1982  176.52  176.49  176.42  176.48  176.59  176.64  176.67  176.70  176.66  176.63  176.59  176.61
1983  176.69  176.66  176.64  176.70  176.80  176.99  177.03  177.00  176.97  176.89  176.81  176.77
1984  176.72  176.69  176.72  176.75  176.88  176.97  177.05  177.05  177.02  176.98  176.94  176.89
1985  176.90  176.86  176.90  177.04  177.21  177.27  177.24  177.21  177.19  177.17  177.14  177.19
1986  177.16  177.12  177.09  177.18  177.25  177.31  177.36  177.42  177.34  177.49  177.47  177.31
1987  177.22  177.13  177.07  177.06  177.07  177.08  177.07  177.00  176.95  176.88  176.74  176.68
1988  176.67  176.62  176.59  176.59  176.70  176.70  176.64  176.59  176.52  176.45  176.38  176.45
1989  176.40  176.36  176.29  176.36  176.43  176.50  176.59  176.56  176.50  176.38  176.30  176.24
1990  176.15  176.16  176.14  176.24  176.28  176.40  176.50  176.50  176.47  176.41  176.38  176.41
1991  176.38  176.32  176.29  176.39  176.56  176.66  176.65  176.63  176.55  176.41  176.42  176.39
1992  176.38  176.37  176.37  176.40  176.52  176.52  176.52  176.54  176.53  176.52  176.47  176.56
1993  176.52  176.53  176.50  176.49  176.67  176.74  176.88  176.90  176.87  176.80  176.72  176.67
1994  176.60  176.57  176.58  176.62  176.68  176.72  176.76  176.83  176.81  176.76  176.66  176.62
1995  176.54  176.54  176.45  176.48  176.54  176.64  176.64  176.64  176.62  176.50  176.44  176.44
1996  176.36  176.40  176.42  176.38  176.57  176.70  176.83  176.86  176.82  176.83  176.81  176.76
1997  176.78  176.80  176.87  176.90  177.00  177.10  177.16  177.19  177.16  177.08  176.94  176.82
1998  176.74  176.74  176.70  176.82  176.90  176.92  176.92  176.82  176.75  176.62  176.48  176.40
1999  176.28  176.28  176.26  176.22  176.27  176.31  176.36  176.40  176.30  176.22  176.08  176.00
2000  175.94  175.88  175.89  175.90  175.94  176.06  176.14  176.14  176.11  176.05  175.93  175.84
2001  175.78  175.76  175.80  175.78  175.90  176.02  176.08  176.04  176.02  176.02  176.07  176.05
2002  176.02  175.95  175.96  176.00  176.14  176.24  176.34  176.34  176.30  176.20  176.06  175.96
2003  175.88  175.78  175.73  175.77  175.86  175.96  176.02  176.05  175.99  175.90  175.84  175.91
2004  175.90  175.86  175.83  175.94  176.03  176.26  176.34  176.36  176.31  176.22  176.14  176.08
2005  176.06  176.09  176.10  176.10  176.18  176.20  176.21  176.19  176.14  176.08  175.94  175.92
2006  175.86  175.92  175.90  175.95  176.04  176.14  176.14  176.17  176.08  176.00  175.96  175.96
2007  175.99  175.98  175.90  175.97  176.04  176.07  176.06  176.04  175.99  175.90  175.84  175.71
2008  175.66  175.74  175.78  175.80  176.00  176.08  176.22  176.26  176.18  176.16  176.03  175.95
2009  176.01  175.99  176.05  176.14  176.28  176.38  176.46  176.44  176.42  176.32  176.32  176.26
2010  176.18  176.12  176.10  176.09  176.10  176.14  176.24  176.26  176.20  176.14  176.01  175.92
2011  175.84  175.80  175.78  175.84  176.04  176.18  176.26  176.26  176.19  176.10  176.08  176.04
2012  176.01  175.98  175.94  176.03  176.02  176.04  176.06  176.02  175.92  175.77  175.70  175.62
2013  175.60  175.59  175.62  175.64  175.88  176.01  176.08  176.09  176.08  176.02  175.99  176.00
2014  175.96  175.96  175.95  175.97  176.17  176.33  176.44  176.46  176.50  176.52  176.54  176.54
2015  176.54  176.51  176.49  176.48  176.56  176.64  176.72  176.72  176.70  176.66  176.55  176.52
2016  176.60  176.54  176.56  176.70  176.80  176.83  176.84  176.83  176.80  176.72  176.64  176.56
2017  176.48  176.48  176.52  176.56  176.74  176.85  176.97  177.00  176.96  176.88  -9999.  -9999.