#LAKE ST. CLAIR MONTHLY NET BASIN SUPPLIES (m^3/s*10)
# FORTRAN FORMAT  I4 12F8.0
#,             1900         ,              2016 
UNITS:10m3s
INTERVAL:m
#####.
1900      9.     22.     28.     16.      8.      8.      8.      7.     -3.     -3.      0.     -6.
1901      8.     44.     27.    -18.    -18.     -7.      2.      2.     -2.     -3.      0.     16.
1902    -14.     17.      2.    -12.      4.     11.     36.      6.      5.      2.     -5.     24.
1903     31.      9.     34.     25.     25.     23.     26.      7.      6.     -4.      7.     57.
1904      8.     58.     37.     36.     22.      4.      6.      8.      0.     -3.      0.     18.
1905     11.     49.     50.     -6.     13.     16.     18.     12.      3.      6.      7.      4.
1906      3.    -16.      9.    -22.      8.     17.     15.      6.      3.      2.      9.     -1.
1907     53.     15.     16.     13.     22.      3.      9.     10.      6.      7.      1.     12.
1908     19.     48.     42.     22.     26.     15.     11.     12.     -3.     13.     -1.     -1.
1909     17.     23.      0.     33.     26.      7.      3.     -2.     -4.      4.     19.     14.
1910     47.      1.     -4.     20.     20.     10.      1.      1.     -1.      3.      7.      9.
1911    -11.     24.     -2.      5.      6.      5.     -2.      2.      2.      3.      8.      9.
1912     12.      1.     19.     25.     29.     12.     14.      8.      9.      9.     12.     10.
1913     11.     -4.     16.     49.     29.      4.      1.     -1.     -3.      4.     13.     -4.
1914     21.     15.      6.     -4.     23.      6.      3.     11.      5.      0.      8.     40.
1915    -11.     30.    -28.      0.     19.      7.     15.     17.     10.     -2.      1.      7.
1916     47.     20.     -6.     13.     32.      1.     -3.      6.     -1.      4.      0.     30.
1917    -22.      0.     -4.     25.     33.     16.      6.      9.    -11.     11.     11.      2.
1918     14.     33.    -15.     57.     32.      6.     11.      6.     13.      4.     12.     10.
1919     39.      0.     38.     43.     29.     11.     -1.     12.     13.     15.     14.    -10.
1920      0.     23.     21.     10.    -12.      5.      4.      5.     -2.      4.      3.    -10.
1921     -2.    -26.     37.     23.      1.      2.      2.      0.     -3.     10.     -1.      9.
1922     33.     11.     26.      1.    -14.      7.      1.      0.      0.     -1.      3.      8.
1923     25.      5.     22.     10.      4.      7.      3.     -1.      3.      2.      8.    -14.
1924     24.     -5.      4.     -2.      6.      9.      3.      1.     -1.      2.      3.     16.
1925     23.      5.     26.    -19.    -20.      8.      3.      0.      3.      3.     10.    -25.
1926      8.     -8.     26.      9.      8.     -7.     -6.     -4.      6.     13.     25.     14.
1927     -1.      1.     22.     10.      7.     -1.      9.     -6.     -2.      0.     14.      8.
1928     49.     51.      9.    -11.      6.      7.      3.      0.      0.      9.     -1.      7.
1929     36.      8.     27.     60.     42.     23.     21.      2.     -2.     -4.      0.     21.
1930     30.     18.     19.     36.     28.     11.     12.      2.      0.     14.     -8.     -1.
1931      2.      5.      6.     13.     -4.      1.      2.     -3.      8.      7.      5.     17.
1932      8.     22.     -9.     -3.     23.      2.      5.      0.      0.     -3.      3.     46.
1933     10.     46.     20.     31.     23.     23.      6.     -2.     -5.     -4.     -1.      5.
1934     13.      2.     30.     24.      3.      2.      0.     -5.      0.     -6.     -2.     11.
1935     15.     23.      1.      0.     18.     -8.     -1.     -1.     -1.      0.     -5.     -4.
1936     11.     14.      6.     -8.     -5.      0.     -3.     -3.      8.     -6.     -2.      1.
1937     24.     17.     -3.     46.     14.      4.     -1.     -4.    -13.      0.     -6.     -3.
1938      4.     29.     42.     14.      8.      1.      1.     -3.     -2.     -1.     -1.      4.
1939     -7.     20.     28.     34.      3.      2.     -2.     -9.     -1.     -5.      0.     -5.
1940     16.      1.      2.     11.      5.     15.      4.     -2.      2.      3.     16.     23.
1941     12.      3.    -11.     -3.      3.      2.      2.     -4.      0.     -1.      2.     -9.
1942     11.      8.     11.     13.      9.     11.      7.      0.      8.    -10.      6.     14.
1943     33.     10.     48.     11.     60.     20.     25.      5.      3.      6.      2.    -10.
1944      3.     -1.     15.     20.     14.     19.     10.     -1.      2.     -3.     -2.     17.
1945      5.     -5.     13.     18.     45.     26.     19.      6.     14.     24.      0.     17.
1946     17.     25.     24.      0.      8.     20.      6.      3.     -4.     -2.     -6.      2.
1947     27.      6.     18.     83.     41.     33.     21.     21.     11.      4.     -1.      8.
1948     26.     29.     55.     22.     43.     17.     17.     11.      5.     -3.      0.      5.
1949     34.     51.     11.     19.      8.      4.     -1.     -6.     -3.      1.     -4.     23.
1950     55.     40.     49.     61.     14.     13.     12.     -1.      8.      8.      3.     23.
1951     16.     42.     37.     37.     18.     22.     17.     14.      7.      5.     11.     44.
1952     50.     31.     43.     37.     15.     12.     14.     10.     13.     -4.      5.      6.
1953      4.     12.     26.     20.     14.     18.     17.      6.      0.     -4.     -1.      1.
1954     -7.     42.     39.     34.     15.     20.     10.      0.      8.     23.      4.      8.
1955     30.     20.     40.     21.     11.     12.     15.      1.     18.     18.      6.     15.
1956      5.      6.     40.     34.     77.     21.     18.     28.     23.     14.      4.      5.
1957      7.      6.     10.     28.     22.      7.     26.     10.     17.      7.      7.     19.
1958    -25.     12.     20.    -10.      7.     10.     13.      6.      9.      7.     -8.     20.
1959      6.     16.     50.     34.     17.      2.      4.      6.      0.     11.     13.     31.
1960     26.     22.     17.     56.     18.     21.      1.      3.     -1.     -1.     -2.      3.
1961     -1.     19.     20.     34.     18.     11.      8.      8.      4.      0.      4.      9.
1962      0.      4.     42.     11.      3.      8.      1.      4.      1.      0.      9.      7.
1963      2.      0.     35.     21.      8.      9.      5.      0.      0.     -1.     -3.     12.
1964      5.      7.     27.     23.     12.      6.      6.      8.      3.     -1.      1.      9.
1965     13.     37.     40.     41.      9.      3.      5.      4.      3.      2.      7.     28.
1966      8.     17.     29.     23.      9.     10.      4.      5.      2.      0.     14.     35.
1967     17.     12.     36.     44.      9.     19.     12.      5.      2.     18.     14.     41.
1968     13.     49.     35.     19.     15.     21.      9.      6.      0.      0.      5.     24.
1969     25.     32.     19.     35.     22.     13.     10.     -1.     -6.     -1.      9.      6.
1970      3.     10.     23.     28.      8.      4.      7.     -3.     -1.      2.      6.     17.
1971      3.     25.     37.     17.     -2.      1.     -6.     -3.      0.     -1.     -3.     13.
1972     13.      6.     37.     34.      8.      3.      7.      6.     -1.      2.     18.     25.
1973     30.     14.     72.     19.     11.     13.      2.      0.     -2.      0.     11.     23.
1974     46.     32.     43.     31.     22.      3.      0.      0.     -4.      3.      5.      8.
1975     27.     32.     37.     33.      3.      9.     -3.     11.     11.      6.      6.     18.
1976      7.     55.     62.     21.     17.      2.     17.      4.      1.      2.      2.      5.
1977     68.     39.     68.     30.      6.      3.      8.      0.     21.     21.     16.     69.
1978     24.     37.     48.     58.     15.     11.      2.      5.     10.     -1.      0.     25.
1979     12.      4.     48.     57.     13.      6.      5.      0.     -1.     -2.     16.     26.
1980     18.      6.     40.     35.     13.     12.     13.     12.     11.      1.      2.      8.
1981      4.     54.     14.     25.     14.      9.     12.      9.     22.     34.     15.     15.
1982     13.      9.     76.     44.     10.     18.     12.      5.      6.      6.     23.     40.
1983     18.     25.     19.     33.     35.     15.     11.     16.      9.     11.     15.     41.
1984     16.     60.     54.     22.     16.     21.      8.     10.     13.     11.     13.     28.
1985     24.     48.     72.     41.      8.      5.      8.      8.      9.     16.     54.     27.
1986     21.     20.     60.     17.      9.     20.      9.      2.     19.     31.     10.     28.
1987     15.      5.     30.     21.      4.      3.      3.      3.      6.      4.     14.     38.
1988      8.     12.     27.     15.      2.     -8.      3.      0.      1.      7.     23.     10.
1989     14.      8.     16.     20.      5.     12.     -2.     -2.      3.      3.     12.      6.
1990     33.     42.     32.     21.     14.      9.      4.      5.     15.     19.     18.     36.
1991     41.     26.     23.     23.     15.      8.      1.      5.     -5.      2.      3.      7.
1992     21.     33.     21.     26.      5.      6.     26.     17.     34.     15.     45.     20.
1993     55.     18.     37.     35.      5.     14.      7.      2.      2.      3.     -1.      4.
1994     28.     29.     42.     27.     17.     18.     14.     11.      4.      5.      7.     15.
1995     41.     21.     34.     22.     17.      6.     10.      8.     -1.      8.     22.     22.
1996     23.     38.     21.     27.     33.     32.      7.      4.     26.     19.     18.     39.
1997     47.     64.     51.     20.     33.     24.     10.      6.      7.      3.      8.     14.
1998     44.     33.     45.     22.     11.      9.      7.      7.      2.      2.      0.      4.
1999     44.     23.     17.     18.      5.     10.      4.     -3.     -3.      0.      4.     15.
2000     14.     19.     14.     27.     24.     28.     28.     22.     15.     11.     13.     32.
2001     28.     70.     31.     25.     12.     12.     -1.     -1.      1.     21.     12.     27.
2002     17.     35.     25.     34.     16.      7.      0.     -7.     -5.     -6.      2.      8.
2003     15.     24.     28.     20.     22.      9.      3.      2.      2.      5.     20.     26.
2004     33.     19.     50.     14.     46.     13.      5.      7.     -1.      1.      4.     25.
2005     52.     41.     34.     32.     11.      6.      5.      0.      3.     -2.     10.     26.
2006     29.     37.     33.     16.     16.      9.     12.      6.      5.     32.     22.     35.
2007     42.     19.     44.     20.     14.      7.      2.      6.     -2.     -1.      1.     18.
2008     39.     50.     46.     32.      7.     17.     12.      2.     17.      1.     24.     53.
2009     87.     65.     52.     42.     27.     28.     18.     22.     11.     13.     10.     18.
2010     30.    -13.     24.     19.     24.     29.     21.      9.     15.     12.     14.     33.
2011     30.     28.     76.     47.     60.     38.     33.     25.     31.     33.     43.     64.
2012     60.     40.     40.     25.     27.     24.     20.     14.     13.     15.     19.     17.
2013     47.     54.     41.     55.     21.     40.     39.     24.     21.     23.     30.     47.
2014    -63.     12.     46.     43.     52.     29.     32.     25.     32.     27.     28.     22.
2015     20.     55.     49.     35.     28.     48.     39.     29.     28.     13.     25.     25.
2016     38.	 47.	 52.	 49.	 30.	 26.	 27.	 26.	 20.	 14.	 14.	 35.
2017     47.     36.     35.     22.     10.     20.  -9999.  -9999.  -9999.  -9999.  -9999.  -9999.
