#LAKE ERIE BEGINNING OF QUARTER MONTH LEVELS (METRES 1985 DATUM)
# FORTRAN FORMAT I4 I2 12F8.2
#,             1900         ,              2017 
UNITS:m
INTERVAL:qm
###.##
1900 1  173.90  173.77  173.83  173.95  174.06  174.07  174.06  174.04  174.01  173.89  173.81  173.80
1900 2  173.77  173.77  173.86  173.98  174.07  174.09  174.06  174.03  173.98  173.87  173.80  173.81
1900 3  173.77  173.78  173.89  174.01  174.07  174.07  174.04  174.03  173.93  173.86  173.77  173.80
1900 4  173.77  173.80  173.92  174.04  174.07  174.06  174.04  174.04  173.87  173.84  173.78  173.77
1901 1  173.74  173.72  173.55  173.69  173.71  173.80  173.89  173.90  173.89  173.80  173.71  173.68
1901 2  173.74  173.69  173.55  173.71  173.71  173.81  173.92  173.87  173.89  173.75  173.69  173.66
1901 3  173.75  173.63  173.60  173.71  173.71  173.86  173.90  173.84  173.84  173.74  173.68  173.68
1901 4  173.75  173.57  173.63  173.72  173.75  173.89  173.89  173.86  173.81  173.72  173.68  173.69
1902 1  173.69  173.58  173.49  173.71  173.81  173.92  174.04  174.22  174.09  174.09  173.98  173.89
1902 2  173.69  173.54  173.57  173.77  173.87  173.93  174.15  174.21  174.04  174.07  173.95  173.86
1902 3  173.66  173.52  173.61  173.80  173.89  173.96  174.15  174.18  174.03  174.06  173.93  173.86
1902 4  173.63  173.51  173.66  173.81  173.90  173.98  174.19  174.13  174.04  174.03  173.93  173.87
1903 1  173.87  173.78  173.83  174.09  174.28  174.24  174.24  174.22  174.16  174.04  173.92  173.84
1903 2  173.86  173.84  173.98  174.18  174.27  174.25  174.24  174.18  174.15  174.04  173.87  173.80
1903 3  173.81  173.90  174.04  174.32  174.25  174.25  174.22  174.15  174.13  174.03  173.86  173.77
1903 4  173.81  173.83  174.07  174.30  174.24  174.25  174.24  174.12  174.07  173.98  173.84  173.74
1904 1  173.72  173.77  173.78  174.13  174.33  174.39  174.36  174.33  174.24  174.15  174.03  173.92
1904 2  173.71  173.77  173.89  174.25  174.35  174.44  174.38  174.28  174.22  174.12  174.04  173.90
1904 3  173.69  173.77  173.93  174.30  174.35  174.41  174.38  174.25  174.19  174.10  173.96  173.90
1904 4  173.72  173.75  173.96  174.30  174.33  174.38  174.38  174.25  174.16  174.04  173.93  173.86
1905 1  173.83  173.75  173.66  173.80  173.98  174.15  174.27  174.24  174.16  174.09  173.93  173.92
1905 2  173.80  173.72  173.64  173.83  174.01  174.21  174.25  174.19  174.13  174.07  173.93  173.92
1905 3  173.77  173.69  173.64  173.87  174.09  174.25  174.27  174.21  174.12  174.03  173.92  173.93
1905 4  173.78  173.68  173.71  173.93  174.13  174.30  174.25  174.21  174.12  174.00  173.92  173.90
1906 1  173.89  173.96  173.86  173.89  174.03  174.07  174.13  174.13  174.12  174.04  174.01  173.98
1906 2  173.89  173.95  173.83  173.95  174.04  174.10  174.15  174.13  174.07  174.01  174.00  174.06
1906 3  173.89  173.92  173.86  173.98  174.06  174.13  174.15  174.13  174.06  174.01  174.00  174.09
1906 4  173.95  173.86  173.83  174.01  174.07  174.13  174.13  174.15  174.04  174.01  173.98  174.13
1907 1  174.06  174.18  174.03  174.15  174.18  174.27  174.35  174.32  174.19  174.18  174.13  174.04
1907 2  174.15  174.13  174.00  174.16  174.21  174.32  174.35  174.30  174.19  174.18  174.12  174.03
1907 3  174.24  174.07  173.98  174.16  174.19  174.35  174.35  174.27  174.18  174.16  174.07  174.03
1907 4  174.25  174.06  174.06  174.15  174.22  174.35  174.35  174.22  174.18  174.13  174.06  174.04
1908 1  174.09  174.03  174.04  174.25  174.35  174.44  174.38  174.33  174.24  174.10  174.00  173.78
1908 2  174.15  173.98  174.07  174.30  174.38  174.42  174.36  174.30  174.18  174.07  173.90  173.77
1908 3  174.13  174.00  174.15  174.35  174.41  174.41  174.33  174.30  174.16  174.03  173.83  173.78
1908 4  174.09  174.01  174.19  174.35  174.42  174.39  174.35  174.28  174.13  174.01  173.83  173.77
1909 1  173.74  173.75  173.86  173.89  174.06  174.27  174.32  174.22  174.13  173.98  173.83  173.84
1909 2  173.78  173.75  173.89  173.92  174.15  174.33  174.27  174.21  174.09  173.93  173.84  173.80
1909 3  173.77  173.77  173.87  173.96  174.25  174.32  174.25  174.19  174.07  173.87  173.83  173.77
1909 4  173.75  173.78  173.86  174.00  174.25  174.32  174.24  174.16  174.04  173.86  173.84  173.77
1910 1  173.75  173.71  173.71  173.90  174.07  174.13  174.09  174.06  173.98  173.90  173.84  173.78
1910 2  173.72  173.69  173.81  173.93  174.13  174.15  174.07  174.03  173.98  173.92  173.80  173.77
1910 3  173.71  173.69  173.86  173.95  174.12  174.13  174.07  174.03  173.95  173.92  173.78  173.74
1910 4  173.71  173.68  173.87  174.01  174.12  174.12  174.06  174.00  173.92  173.90  173.75  173.71
1911 1  173.69  173.66  173.64  173.71  173.89  173.90  173.90  173.81  173.80  173.80  173.75  173.66
1911 2  173.64  173.66  173.64  173.77  173.89  173.92  173.89  173.81  173.80  173.80  173.69  173.71
1911 3  173.66  173.66  173.64  173.80  173.89  173.92  173.87  173.83  173.78  173.80  173.66  173.80
1911 4  173.63  173.66  173.66  173.87  173.90  173.92  173.84  173.81  173.78  173.78  173.71  173.80
1912 1  173.77  173.71  173.64  173.84  174.09  174.13  174.13  174.10  174.09  174.04  173.98  173.84
1912 2  173.72  173.68  173.64  173.93  174.09  174.13  174.10  174.07  174.10  174.01  173.96  173.81
1912 3  173.72  173.64  173.64  174.04  174.12  174.13  174.10  174.09  174.09  173.96  173.95  173.80
1912 4  173.72  173.63  173.74  174.07  174.13  174.15  174.10  174.09  174.06  173.98  173.89  173.78
1913 1  173.80  174.10  174.03  174.42  174.57  174.53  174.45  174.38  174.24  174.10  174.00  174.06
1913 2  173.93  174.07  173.98  174.54  174.56  174.53  174.45  174.33  174.24  174.10  173.98  174.01
1913 3  173.98  174.07  174.00  174.57  174.54  174.50  174.42  174.32  174.16  174.07  174.00  173.93
1913 4  174.12  174.06  174.06  174.56  174.53  174.48  174.39  174.30  174.09  174.03  174.03  173.98
1914 1  173.98  173.90  173.80  173.90  174.07  174.27  174.21  174.15  174.09  173.98  173.86  173.77
1914 2  173.96  173.87  173.77  173.96  174.13  174.27  174.19  174.10  174.07  173.95  173.83  173.80
1914 3  173.95  173.86  173.75  174.00  174.25  174.25  174.19  174.09  174.03  173.98  173.78  173.72
1914 4  173.93  173.84  173.77  174.01  174.27  174.22  174.16  174.10  174.03  173.98  173.77  173.71
1915 1  173.69  173.64  173.78  173.74  173.78  173.87  173.90  173.98  174.01  174.00  173.86  173.74
1915 2  173.69  173.69  173.78  173.75  173.81  173.89  173.92  174.01  174.00  173.93  173.84  173.75
1915 3  173.66  173.72  173.75  173.77  173.84  173.89  173.95  174.03  174.00  173.93  173.78  173.74
1915 4  173.64  173.77  173.72  173.78  173.84  173.89  173.96  174.04  174.00  173.93  173.77  173.71
1916 1  173.77  173.95  173.89  174.00  174.15  174.28  174.35  174.27  174.12  173.98  173.86  173.80
1916 2  173.86  173.96  173.87  174.04  174.18  174.32  174.35  174.22  174.10  173.95  173.86  173.80
1916 3  173.87  173.95  173.89  174.07  174.21  174.35  174.32  174.19  174.06  173.92  173.86  173.78
1916 4  173.87  173.93  173.90  174.12  174.22  174.35  174.30  174.18  174.00  173.89  173.80  173.80
1917 1  173.80  173.80  173.74  173.93  174.16  174.32  174.45  174.48  174.36  174.25  174.22  174.19
1917 2  173.81  173.77  173.74  174.12  174.19  174.38  174.48  174.44  174.36  174.22  174.24  174.18
1917 3  173.84  173.74  173.81  174.13  174.22  174.41  174.51  174.41  174.33  174.19  174.22  174.12
1917 4  173.81  173.72  173.84  174.15  174.27  174.41  174.51  174.38  174.28  174.19  174.22  174.07
1918 1  174.04  173.83  173.90  174.04  173.92  174.06  174.10  174.12  174.09  174.04  174.03  173.92
1918 2  173.96  173.80  173.96  174.06  173.92  174.09  174.12  174.12  174.10  174.04  174.01  173.95
1918 3  173.89  173.80  174.03  174.00  174.00  174.09  174.12  174.12  174.09  174.01  173.98  174.01
1918 4  173.86  173.87  174.07  173.96  174.03  174.10  174.12  174.09  174.07  174.03  173.96  174.04
1919 1  174.06  174.01  173.96  174.21  174.33  174.51  174.44  174.33  174.24  174.12  174.07  173.95
1919 2  173.98  174.00  174.01  174.21  174.42  174.50  174.41  174.33  174.21  174.10  174.07  173.95
1919 3  173.96  174.00  174.06  174.25  174.45  174.48  174.39  174.28  174.18  174.09  174.01  173.92
1919 4  174.00  174.00  174.15  174.33  174.50  174.45  174.36  174.27  174.15  174.06  173.98  173.89
1920 1  173.81  173.68  173.52  173.68  173.98  174.04  174.12  174.13  174.10  174.01  173.93  173.93
1920 2  173.77  173.60  173.51  173.74  174.01  174.04  174.12  174.10  174.07  173.98  173.92  173.95
1920 3  173.74  173.55  173.57  173.81  174.03  174.07  174.13  174.13  174.06  173.96  173.92  173.92
1920 4  173.71  173.54  173.64  173.92  174.04  174.12  174.15  174.13  174.04  173.95  173.92  173.90
1921 1  173.89  173.93  173.86  174.09  174.28  174.27  174.24  174.13  174.04  173.92  173.84  173.87
1921 2  173.93  173.93  173.90  174.12  174.27  174.25  174.22  174.10  174.03  173.89  173.84  173.87
1921 3  173.90  173.90  173.98  174.16  174.25  174.24  174.22  174.09  174.01  173.86  173.83  173.87
1921 4  173.92  173.89  174.03  174.22  174.25  174.22  174.16  174.07  173.96  173.84  173.89  173.90
1922 1  173.84  173.72  173.69  173.89  174.12  174.19  174.18  174.13  174.04  173.96  173.81  173.68
1922 2  173.81  173.71  173.68  173.98  174.13  174.18  174.16  174.12  174.04  173.96  173.80  173.68
1922 3  173.78  173.68  173.72  174.06  174.13  174.19  174.16  174.07  174.06  173.90  173.77  173.66
1922 4  173.75  173.68  173.77  174.10  174.18  174.19  174.13  174.04  174.01  173.84  173.72  173.63
1923 1  173.68  173.64  173.54  173.71  173.81  173.93  173.93  173.90  173.78  173.78  173.64  173.60
1923 2  173.71  173.60  173.57  173.74  173.83  173.95  173.95  173.89  173.80  173.72  173.64  173.68
1923 3  173.68  173.57  173.61  173.78  173.86  173.95  173.93  173.86  173.78  173.69  173.63  173.69
1923 4  173.68  173.55  173.68  173.80  173.92  173.93  173.93  173.81  173.78  173.68  173.61  173.74
1924 1  173.77  173.74  173.66  173.77  173.93  174.00  174.10  174.04  173.92  173.87  173.75  173.60
1924 2  173.72  173.74  173.68  173.83  173.98  174.01  174.09  174.03  173.92  173.87  173.72  173.57
1924 3  173.74  173.74  173.68  173.87  174.00  174.03  174.07  174.00  173.90  173.86  173.68  173.57
1924 4  173.72  173.71  173.69  173.92  174.00  174.04  174.06  173.95  173.89  173.81  173.60  173.57
1925 1  173.55  173.46  173.54  173.71  173.74  173.69  173.69  173.66  173.61  173.60  173.48  173.49
1925 2  173.54  173.45  173.55  173.71  173.74  173.69  173.68  173.64  173.58  173.55  173.45  173.48
1925 3  173.51  173.46  173.58  173.71  173.72  173.68  173.68  173.68  173.64  173.49  173.46  173.46
1925 4  173.49  173.49  173.66  173.74  173.72  173.69  173.64  173.64  173.60  173.48  173.48  173.43
1926 1  173.36  173.32  173.28  173.37  173.64  173.68  173.72  173.69  173.70  173.84  173.83  173.81
1926 2  173.36  173.31  173.31  173.55  173.68  173.68  173.71  173.71  173.73  173.87  173.82  173.81
1926 3  173.34  173.29  173.31  173.61  173.68  173.73  173.69  173.75  173.73  173.85  173.80  173.78
1926 4  173.32  173.28  173.32  173.61  173.68  173.73  173.68  173.74  173.78  173.82  173.79  173.76
1927 1  173.74  173.61  173.61  173.80  173.86  173.99  173.99  174.00  173.87  173.78  173.69  173.81
1927 2  173.71  173.63  173.60  173.84  173.89  174.01  173.98  173.96  173.87  173.77  173.65  173.81
1927 3  173.66  173.62  173.63  173.85  173.92  173.99  173.99  173.95  173.86  173.74  173.64  173.87
1927 4  173.64  173.61  173.75  173.86  173.97  174.01  174.00  173.91  173.79  173.70  173.68  173.89
1928 1  173.89  173.87  173.85  173.81  173.94  173.98  174.13  174.14  174.05  173.91  173.87  173.89
1928 2  173.88  173.87  173.80  173.86  173.94  174.04  174.13  174.15  174.01  173.90  173.88  173.89
1928 3  173.90  173.88  173.77  173.89  173.95  174.06  174.14  174.12  174.00  173.90  173.87  173.91
1928 4  173.88  173.87  173.75  173.93  173.98  174.10  174.17  174.09  173.94  173.92  173.89  173.92
1929 1  173.92  173.98  174.00  174.25  174.58  174.66  174.60  174.56  174.41  174.30  174.21  174.17
1929 2  173.88  173.98  174.04  174.36  174.61  174.63  174.62  174.50  174.40  174.24  174.19  174.15
1929 3  173.89  173.97  174.09  174.42  174.64  174.63  174.61  174.48  174.35  174.21  174.21  174.19
1929 4  174.00  173.96  174.19  174.50  174.66  174.62  174.57  174.44  174.30  174.21  174.21  174.22
1930 1  174.19  174.37  174.38  174.48  174.57  174.49  174.45  174.33  174.20  174.08  173.96  173.84
1930 2  174.35  174.33  174.40  174.50  174.55  174.48  174.41  174.29  174.16  174.05  173.92  173.87
1930 3  174.45  174.30  174.41  174.53  174.54  174.47  174.38  174.24  174.14  174.04  173.93  173.87
1930 4  174.42  174.28  174.43  174.56  174.53  174.47  174.37  174.21  174.11  173.98  173.87  173.84
1931 1  173.79  173.73  173.61  173.61  173.74  173.80  173.84  173.83  173.74  173.67  173.58  173.55
1931 2  173.82  173.70  173.58  173.65  173.77  173.83  173.86  173.82  173.72  173.67  173.53  173.54
1931 3  173.78  173.66  173.54  173.68  173.78  173.84  173.85  173.82  173.72  173.63  173.57  173.54
1931 4  173.75  173.65  173.54  173.71  173.78  173.83  173.85  173.77  173.70  173.60  173.60  173.58
1932 1  173.63  173.81  173.83  173.76  173.83  173.92  173.87  173.83  173.75  173.61  173.51  173.49
1932 2  173.68  173.80  173.79  173.80  173.89  173.92  173.87  173.82  173.73  173.55  173.52  173.49
1932 3  173.71  173.83  173.77  173.82  173.91  173.91  173.87  173.79  173.70  173.53  173.51  173.45
1932 4  173.80  173.84  173.75  173.83  173.89  173.88  173.86  173.75  173.65  173.53  173.49  173.44
1933 1  173.53  173.59  173.52  173.71  173.89  174.00  173.92  173.82  173.70  173.60  173.46  173.35
1933 2  173.55  173.56  173.54  173.79  173.94  173.99  173.90  173.81  173.68  173.57  173.43  173.37
1933 3  173.53  173.53  173.60  173.85  173.99  173.96  173.88  173.79  173.66  173.52  173.36  173.37
1933 4  173.57  173.50  173.67  173.89  174.00  173.93  173.85  173.73  173.60  173.50  173.37  173.38
1934 1  173.36  173.26  173.18  173.25  173.43  173.45  173.47  173.42  173.38  173.38  173.23  173.21
1934 2  173.37  173.24  173.19  173.33  173.44  173.45  173.46  173.44  173.38  173.33  173.22  173.21
1934 3  173.33  173.22  173.19  173.39  173.44  173.44  173.46  173.45  173.39  173.29  173.18  173.18
1934 4  173.30  173.19  173.22  173.44  173.44  173.46  173.44  173.40  173.39  173.28  173.21  173.19
1935 1  173.19  173.20  173.19  173.36  173.42  173.54  173.58  173.60  173.53  173.42  173.37  173.32
1935 2  173.20  173.18  173.23  173.38  173.49  173.56  173.60  173.63  173.51  173.37  173.35  173.32
1935 3  173.22  173.18  173.28  173.40  173.52  173.55  173.60  173.62  173.50  173.38  173.37  173.37
1935 4  173.23  173.19  173.32  173.41  173.52  173.58  173.60  173.60  173.47  173.37  173.34  173.35
1936 1  173.31  173.17  173.25  173.55  173.66  173.69  173.68  173.62  173.54  173.52  173.48  173.38
1936 2  173.28  173.16  173.29  173.58  173.69  173.70  173.68  173.59  173.53  173.52  173.48  173.39
1936 3  173.24  173.17  173.35  173.61  173.70  173.69  173.67  173.58  173.55  173.50  173.45  173.37
1936 4  173.18  173.16  173.43  173.63  173.70  173.67  173.64  173.58  173.51  173.49  173.40  173.35
1937 1  173.40  173.71  173.72  173.70  174.00  174.01  174.15  174.10  174.00  173.78  173.67  173.55
1937 2  173.44  173.72  173.71  173.73  174.00  174.00  174.14  174.08  173.96  173.74  173.62  173.50
1937 3  173.53  173.73  173.70  173.80  174.00  174.03  174.16  174.07  173.88  173.71  173.62  173.51
1937 4  173.68  173.75  173.71  173.90  174.02  174.12  174.14  174.04  173.82  173.69  173.58  173.52
1938 1  173.54  173.49  173.75  173.88  173.98  174.02  174.03  174.04  173.95  173.88  173.76  173.69
1938 2  173.54  173.52  173.75  173.96  173.98  174.01  174.03  174.06  173.91  173.83  173.73  173.69
1938 3  173.54  173.63  173.74  174.00  173.97  174.04  174.03  174.03  173.94  173.83  173.71  173.68
1938 4  173.50  173.74  173.80  174.00  174.01  174.03  174.04  174.00  173.90  173.79  173.72  173.66
1939 1  173.61  173.65  173.70  173.82  174.05  174.04  174.07  174.05  173.95  173.84  173.75  173.68
1939 2  173.63  173.62  173.74  173.84  174.05  174.06  174.07  174.02  173.92  173.83  173.71  173.68
1939 3  173.67  173.61  173.78  173.93  174.05  174.05  174.03  174.01  173.90  173.78  173.70  173.67
1939 4  173.63  173.67  173.76  174.02  174.04  174.07  174.00  173.97  173.85  173.73  173.71  173.65
1940 1  173.60  173.50  173.53  173.61  173.87  173.98  174.04  174.00  173.97  173.89  173.79  173.71
1940 2  173.61  173.49  173.54  173.71  173.89  174.00  174.03  173.98  173.96  173.85  173.75  173.70
1940 3  173.57  173.50  173.56  173.78  173.90  174.01  174.02  173.96  173.91  173.85  173.72  173.75
1940 4  173.54  173.52  173.57  173.86  173.92  174.02  174.02  173.93  173.90  173.80  173.72  173.78
1941 1  173.84  173.79  173.66  173.67  173.75  173.80  173.83  173.81  173.71  173.58  173.55  173.52
1941 2  173.86  173.76  173.68  173.72  173.76  173.82  173.81  173.78  173.70  173.61  173.52  173.50
1941 3  173.86  173.74  173.66  173.72  173.78  173.83  173.82  173.75  173.66  173.57  173.52  173.48
1941 4  173.84  173.69  173.66  173.75  173.79  173.83  173.80  173.71  173.64  173.56  173.52  173.52
1942 1  173.54  173.49  173.51  173.76  173.95  174.07  174.10  174.12  174.04  173.95  173.91  173.92
1942 2  173.47  173.55  173.50  173.84  173.96  174.09  174.10  174.11  174.03  173.93  173.90  173.88
1942 3  173.47  173.54  173.60  173.93  173.98  174.11  174.09  174.10  174.01  173.96  173.87  173.86
1942 4  173.47  173.54  173.70  173.95  174.02  174.11  174.11  174.06  173.97  173.93  173.93  173.84
1943 1  173.98  173.92  173.92  174.04  174.21  174.54  174.54  174.55  174.42  174.29  174.21  174.13
1943 2  174.01  173.91  173.90  174.07  174.28  174.57  174.57  174.53  174.39  174.25  174.18  174.11
1943 3  173.99  173.92  173.93  174.08  174.36  174.57  174.58  174.50  174.36  174.23  174.16  174.07
1943 4  173.95  173.90  174.02  174.15  174.50  174.57  174.57  174.45  174.32  174.22  174.15  174.03
1944 1  174.02  173.87  173.89  173.98  174.28  174.38  174.38  174.25  174.15  174.09  173.96  173.91
1944 2  173.97  173.87  173.89  174.04  174.30  174.37  174.35  174.24  174.13  174.06  173.94  173.90
1944 3  173.93  173.87  173.89  174.20  174.33  174.37  174.32  174.22  174.12  174.03  173.96  173.89
1944 4  173.87  173.86  173.94  174.26  174.37  174.37  174.27  174.19  174.09  173.99  173.94  173.88
1945 1  173.88  173.78  173.81  174.09  174.20  174.36  174.48  174.45  174.31  174.33  174.28  174.20
1945 2  173.88  173.75  173.90  174.18  174.22  174.38  174.46  174.42  174.28  174.37  174.24  174.18
1945 3  173.87  173.75  173.94  174.18  174.25  174.40  174.46  174.40  174.27  174.31  174.21  174.13
1945 4  173.81  173.75  174.05  174.19  174.36  174.47  174.46  174.37  174.27  174.32  174.19  174.11
1946 1  174.11  174.07  173.99  174.17  174.16  174.28  174.42  174.35  174.19  174.08  174.00  173.90
1946 2  174.15  174.02  174.05  174.16  174.16  174.30  174.41  174.32  174.17  174.05  173.98  173.87
1946 3  174.17  174.01  174.10  174.15  174.20  174.35  174.38  174.28  174.14  174.02  173.96  173.86
1946 4  174.14  174.00  174.15  174.16  174.24  174.42  174.38  174.25  174.12  174.01  173.90  173.83
1947 1  173.86  173.89  173.79  173.93  174.37  174.56  174.63  174.53  174.49  174.30  174.24  174.08
1947 2  173.83  173.88  173.78  174.11  174.44  174.67  174.59  174.52  174.48  174.27  174.18  174.10
1947 3  173.82  173.85  173.80  174.18  174.47  174.68  174.59  174.50  174.41  174.25  174.16  174.08
1947 4  173.81  173.81  173.84  174.31  174.53  174.65  174.56  174.49  174.38  174.24  174.12  174.10
1948 1  174.11  174.01  174.06  174.32  174.42  174.53  174.52  174.42  174.31  174.15  174.02  173.96
1948 2  174.10  173.97  174.07  174.35  174.45  174.53  174.49  174.37  174.28  174.08  174.00  173.92
1948 3  174.07  173.97  174.07  174.39  174.53  174.50  174.48  174.36  174.25  174.06  173.97  173.93
1948 4  174.04  174.00  174.25  174.40  174.54  174.50  174.46  174.35  174.19  174.04  173.98  173.91
1949 1  173.91  174.00  174.10  174.09  174.14  174.17  174.16  174.10  173.97  173.84  173.75  173.67
1949 2  173.92  174.00  174.09  174.11  174.14  174.14  174.14  174.05  173.96  173.84  173.70  173.64
1949 3  173.94  174.00  174.06  174.12  174.12  174.14  174.12  174.04  173.91  173.84  173.69  173.64
1949 4  174.00  174.07  174.03  174.13  174.19  174.15  174.11  173.99  173.86  173.80  173.68  173.68
1950 1  173.72  174.02  174.06  174.21  174.38  174.32  174.27  174.22  174.13  174.05  174.00  174.01
1950 2  173.83  174.01  174.04  174.31  174.35  174.32  174.25  174.18  174.11  174.02  173.97  174.10
1950 3  173.89  174.10  174.06  174.31  174.35  174.32  174.22  174.14  174.12  174.04  173.95  174.12
1950 4  173.95  174.13  174.09  174.33  174.33  174.29  174.23  174.10  174.07  174.02  173.98  174.08
1951 1  174.05  174.09  174.21  174.41  174.52  174.55  174.54  174.47  174.36  174.23  174.16  174.18
1951 2  174.10  174.05  174.27  174.46  174.51  174.53  174.51  174.44  174.32  174.23  174.16  174.22
1951 3  174.10  174.09  174.32  174.49  174.55  174.53  174.50  174.43  174.31  174.19  174.19  174.21
1951 4  174.10  174.14  174.35  174.50  174.55  174.54  174.49  174.38  174.27  174.20  174.18  174.21
1952 1  174.24  174.50  174.54  174.67  174.77  174.78  174.72  174.62  174.56  174.44  174.21  174.18
1952 2  174.31  174.55  174.54  174.69  174.74  174.77  174.70  174.60  174.53  174.38  174.18  174.20
1952 3  174.31  174.57  174.61  174.76  174.75  174.75  174.68  174.60  174.51  174.33  174.18  174.19
1952 4  174.42  174.56  174.65  174.77  174.76  174.71  174.67  174.58  174.49  174.27  174.18  174.21
1953 1  174.21  174.27  174.25  174.37  174.41  174.54  174.56  174.50  174.43  174.27  174.15  174.12
1953 2  174.23  174.26  174.28  174.38  174.43  174.56  174.55  174.52  174.40  174.24  174.14  174.08
1953 3  174.23  174.25  174.31  174.39  174.44  174.57  174.52  174.49  174.33  174.21  174.12  174.09
1953 4  174.27  174.23  174.33  174.39  174.50  174.55  174.51  174.45  174.31  174.21  174.11  174.04
1954 1  174.03  173.99  174.06  174.26  174.50  174.45  174.44  174.38  174.31  174.21  174.36  174.31
1954 2  174.04  173.94  174.09  174.31  174.50  174.46  174.43  174.36  174.28  174.22  174.34  174.29
1954 3  174.01  173.93  174.11  174.38  174.49  174.46  174.42  174.32  174.26  174.31  174.32  174.30
1954 4  174.00  174.03  174.14  174.47  174.47  174.46  174.39  174.34  174.21  174.38  174.33  174.28
1955 1  174.31  174.32  174.35  174.53  174.61  174.54  174.47  174.41  174.33  174.19  174.12  174.02
1955 2  174.41  174.29  174.43  174.52  174.58  174.53  174.47  174.41  174.29  174.19  174.07  174.03
1955 3  174.40  174.27  174.48  174.54  174.55  174.52  174.43  174.41  174.26  174.21  174.06  174.00
1955 4  174.36  174.29  174.51  174.59  174.55  174.50  174.42  174.38  174.23  174.17  174.05  173.98
1956 1  173.97  173.77  173.76  174.00  174.17  174.41  174.40  174.37  174.37  174.18  174.07  173.89
1956 2  173.98  173.74  173.88  174.07  174.24  174.41  174.39  174.40  174.33  174.13  174.02  173.93
1956 3  173.92  173.73  173.92  174.09  174.40  174.39  174.40  174.40  174.29  174.10  173.96  173.94
1956 4  173.82  173.72  173.95  174.09  174.41  174.41  174.41  174.35  174.23  174.09  173.93  173.95
1957 1  173.92  173.85  173.89  173.94  174.21  174.24  174.29  174.28  174.12  174.03  173.90  173.82
1957 2  173.89  173.83  173.90  174.07  174.19  174.23  174.32  174.22  174.07  173.97  173.84  173.84
1957 3  173.85  173.86  173.90  174.14  174.21  174.24  174.34  174.20  174.09  173.94  173.84  173.83
1957 4  173.86  173.85  173.93  174.17  174.25  174.24  174.32  174.15  174.09  173.92  173.82  173.90
1958 1  173.93  173.80  173.69  173.75  173.82  173.85  173.92  173.96  173.92  173.86  173.73  173.64
1958 2  173.90  173.74  173.72  173.78  173.84  173.87  173.95  173.98  173.90  173.80  173.66  173.61
1958 3  173.89  173.71  173.73  173.79  173.85  173.89  173.99  173.99  173.88  173.76  173.68  173.57
1958 4  173.85  173.68  173.74  173.81  173.85  173.90  173.98  173.95  173.90  173.75  173.69  173.57
1959 1  173.57  173.61  173.72  173.88  174.05  174.11  174.04  173.96  173.91  173.78  173.75  173.72
1959 2  173.52  173.62  173.77  173.96  174.07  174.10  174.01  173.94  173.86  173.84  173.73  173.71
1959 3  173.50  173.68  173.78  173.97  174.09  174.06  173.99  173.90  173.81  173.78  173.75  173.80
1959 4  173.59  173.71  173.82  173.96  174.10  174.03  173.97  173.90  173.75  173.75  173.72  173.83
1960 1  173.86  173.92  173.93  173.97  174.15  174.25  174.33  174.31  174.29  174.17  174.01  173.94
1960 2  173.83  173.90  173.93  174.07  174.18  174.26  174.32  174.32  174.27  174.11  173.96  173.89
1960 3  173.91  173.93  173.91  174.10  174.21  174.32  174.32  174.31  174.21  174.10  173.96  173.85
1960 4  173.93  173.93  173.92  174.13  174.24  174.33  174.31  174.31  174.21  174.04  173.95  173.83
1961 1  173.82  173.77  173.89  174.07  174.38  174.37  174.36  174.32  174.26  174.13  173.96  173.89
1961 2  173.81  173.76  173.96  174.10  174.40  174.39  174.32  174.32  174.26  174.07  173.91  173.87
1961 3  173.82  173.77  174.00  174.15  174.41  174.39  174.32  174.28  174.21  174.04  173.91  173.85
1961 4  173.80  173.81  174.06  174.24  174.39  174.38  174.32  174.27  174.17  174.01  173.92  173.86
1962 1  173.81  173.79  173.78  173.96  174.01  174.01  174.05  174.00  173.96  173.88  173.80  173.81
1962 2  173.77  173.78  173.81  173.98  174.02  174.03  174.04  174.02  173.92  173.89  173.81  173.82
1962 3  173.77  173.76  173.86  174.00  174.02  174.06  174.02  173.99  173.90  173.88  173.85  173.78
1962 4  173.77  173.76  173.93  174.00  174.02  174.06  174.03  173.97  173.86  173.85  173.81  173.75
1963 1  173.73  173.63  173.54  173.83  173.93  173.93  173.88  173.83  173.76  173.66  173.59  173.53
1963 2  173.71  173.62  173.60  173.87  173.94  173.93  173.83  173.80  173.74  173.62  173.57  173.51
1963 3  173.68  173.60  173.68  173.85  173.94  173.93  173.83  173.81  173.72  173.62  173.54  173.48
1963 4  173.64  173.59  173.75  173.91  173.93  173.89  173.84  173.78  173.69  173.61  173.54  173.46
1964 1  173.44  173.46  173.47  173.66  173.83  173.81  173.79  173.72  173.69  173.57  173.44  173.38
1964 2  173.46  173.49  173.53  173.74  173.83  173.82  173.77  173.71  173.66  173.50  173.43  173.39
1964 3  173.47  173.49  173.60  173.74  173.85  173.82  173.77  173.68  173.61  173.47  173.41  173.39
1964 4  173.46  173.50  173.62  173.77  173.83  173.82  173.76  173.69  173.60  173.44  173.37  173.39
1965 1  173.42  173.46  173.57  173.71  173.85  173.88  173.85  173.79  173.75  173.71  173.65  173.63
1965 2  173.46  173.46  173.66  173.74  173.89  173.89  173.85  173.78  173.74  173.67  173.65  173.64
1965 3  173.46  173.53  173.69  173.78  173.88  173.87  173.82  173.78  173.75  173.66  173.65  173.68
1965 4  173.48  173.55  173.70  173.82  173.88  173.86  173.79  173.76  173.74  173.71  173.66  173.69
1966 1  173.74  173.71  173.78  173.91  174.03  174.05  174.07  174.02  173.97  173.83  173.68  173.75
1966 2  173.75  173.71  173.82  173.92  174.02  174.05  174.06  174.00  173.94  173.75  173.72  173.84
1966 3  173.73  173.76  173.85  173.92  174.06  174.09  174.06  174.00  173.89  173.74  173.75  173.94
1966 4  173.74  173.77  173.88  173.96  174.07  174.09  174.03  173.99  173.88  173.71  173.74  173.95
1967 1  173.90  173.89  173.85  173.98  174.11  174.18  174.22  174.19  174.11  174.04  173.99  173.98
1967 2  173.88  173.90  173.86  174.06  174.17  174.18  174.21  174.19  174.09  174.03  173.98  174.02
1967 3  173.87  173.87  173.90  174.08  174.21  174.18  174.22  174.16  174.05  174.02  173.99  174.04
1967 4  173.85  173.87  173.93  174.11  174.20  174.20  174.20  174.13  174.05  174.01  174.00  174.10
1968 1  174.09  174.15  174.15  174.24  174.25  174.35  174.38  174.33  174.26  174.15  174.04  174.07
1968 2  174.07  174.24  174.13  174.28  174.24  174.35  174.36  174.34  174.25  174.12  174.03  174.09
1968 3  174.10  174.20  174.14  174.27  174.26  174.34  174.35  174.31  174.23  174.10  174.01  174.07
1968 4  174.08  174.17  174.21  174.28  174.28  174.30  174.35  174.32  174.20  174.07  174.02  174.03
1969 1  174.12  174.18  174.21  174.22  174.47  174.60  174.63  174.70  174.55  174.41  174.24  174.22
1969 2  174.08  174.24  174.19  174.32  174.47  174.61  174.69  174.66  174.52  174.36  174.25  174.24
1969 3  174.06  174.23  174.17  174.35  174.52  174.63  174.69  174.63  174.45  174.35  174.19  174.25
1969 4  174.10  174.22  174.18  174.47  174.61  174.63  174.71  174.60  174.43  174.28  174.24  174.24
1970 1  174.21  174.04  174.05  174.17  174.33  174.38  174.41  174.43  174.31  174.27  174.23  174.20
1970 2  174.11  174.08  174.10  174.23  174.32  174.39  174.39  174.40  174.28  174.23  174.24  174.18
1970 3  174.08  174.07  174.10  174.26  174.35  174.39  174.42  174.36  174.28  174.25  174.21  174.23
1970 4  174.06  174.05  174.14  174.30  174.38  174.40  174.43  174.34  174.30  174.22  174.15  174.22
1971 1  174.22  174.11  174.24  174.36  174.40  174.46  174.47  174.41  174.39  174.36  174.24  174.15
1971 2  174.20  174.12  174.30  174.37  174.42  174.48  174.45  174.39  174.37  174.27  174.16  174.16
1971 3  174.20  174.13  174.31  174.39  174.42  174.49  174.42  174.39  174.36  174.26  174.16  174.16
1971 4  174.15  174.19  174.35  174.40  174.44  174.47  174.40  174.37  174.35  174.28  174.15  174.18
1972 1  174.25  174.18  174.21  174.38  174.55  174.60  174.66  174.63  174.58  174.59  174.49  174.57
1972 2  174.22  174.18  174.27  174.38  174.58  174.59  174.65  174.61  174.56  174.56  174.53  174.62
1972 3  174.21  174.18  174.32  174.43  174.60  174.58  174.66  174.60  174.53  174.51  174.60  174.64
1972 4  174.20  174.19  174.36  174.53  174.60  174.68  174.67  174.60  174.54  174.48  174.59  174.65
1973 1  174.65  174.68  174.62  174.90  174.92  174.92  174.98  174.89  174.78  174.62  174.52  174.47
1973 2  174.67  174.70  174.66  174.94  174.91  174.98  174.98  174.85  174.74  174.61  174.46  174.47
1973 3  174.64  174.68  174.78  174.91  174.90  174.99  174.93  174.83  174.67  174.58  174.47  174.49
1973 4  174.64  174.65  174.87  174.89  174.90  174.98  174.87  174.80  174.61  174.51  174.46  174.46
1974 1  174.52  174.60  174.66  174.83  174.86  174.92  174.89  174.78  174.68  174.58  174.41  174.46
1974 2  174.51  174.65  174.79  174.91  174.87  174.91  174.88  174.76  174.65  174.49  174.45  174.48
1974 3  174.47  174.63  174.82  174.90  174.90  174.90  174.85  174.75  174.60  174.48  174.39  174.47
1974 4  174.56  174.63  174.81  174.89  174.93  174.91  174.81  174.73  174.58  174.42  174.43  174.49
1975 1  174.50  174.55  174.64  174.71  174.71  174.72  174.76  174.64  174.73  174.61  174.49  174.40
1975 2  174.51  174.52  174.66  174.69  174.72  174.75  174.73  174.64  174.68  174.58  174.50  174.44
1975 3  174.51  174.52  174.67  174.68  174.71  174.75  174.70  174.63  174.64  174.53  174.45  174.46
1975 4  174.50  174.53  174.70  174.69  174.71  174.76  174.68  174.62  174.64  174.55  174.43  174.46
1976 1  174.47  174.41  174.63  174.80  174.80  174.80  174.80  174.75  174.62  174.52  174.38  174.17
1976 2  174.42  174.35  174.77  174.80  174.80  174.78  174.75  174.72  174.57  174.52  174.32  174.18
1976 3  174.43  174.37  174.79  174.77  174.81  174.76  174.78  174.71  174.56  174.42  174.27  174.14
1976 4  174.42  174.53  174.78  174.77  174.80  174.76  174.76  174.68  174.53  174.38  174.21  174.13
1977 1  174.09  174.01  174.05  174.31  174.50  174.45  174.42  174.38  174.36  174.43  174.25  174.21
1977 2  174.09  173.99  174.08  174.34  174.51  174.44  174.45  174.39  174.35  174.37  174.26  174.22
1977 3  174.06  173.98  174.15  174.35  174.50  174.42  174.44  174.40  174.35  174.33  174.21  174.28
1977 4  174.02  173.97  174.25  174.45  174.49  174.41  174.42  174.39  174.42  174.28  174.22  174.34
1978 1  174.35  174.31  174.25  174.49  174.61  174.63  174.57  174.46  174.35  174.26  174.18  174.09
1978 2  174.32  174.30  174.23  174.57  174.63  174.63  174.55  174.46  174.33  174.23  174.14  174.13
1978 3  174.31  174.28  174.26  174.60  174.65  174.60  174.51  174.43  174.30  174.24  174.14  174.05
1978 4  174.31  174.26  174.41  174.65  174.65  174.57  174.48  174.39  174.30  174.21  174.14  174.08
1979 1  174.09  174.04  174.07  174.30  174.55  174.60  174.60  174.57  174.53  174.49  174.37  174.37
1979 2  174.05  174.06  174.18  174.40  174.53  174.60  174.57  174.57  174.52  174.47  174.33  174.34
1979 3  174.06  174.03  174.21  174.50  174.54  174.58  174.59  174.51  174.56  174.42  174.33  174.35
1979 4  174.06  174.02  174.22  174.54  174.53  174.57  174.56  174.53  174.50  174.40  174.36  174.37
1980 1  174.49  174.41  174.38  174.58  174.68  174.66  174.67  174.67  174.66  174.53  174.33  174.25
1980 2  174.44  174.39  174.38  174.63  174.66  174.72  174.66  174.72  174.64  174.48  174.32  174.28
1980 3  174.46  174.37  174.39  174.66  174.66  174.70  174.64  174.69  174.62  174.44  174.30  174.28
1980 4  174.43  174.36  174.50  174.68  174.67  174.69  174.66  174.69  174.59  174.41  174.27  174.25
1981 1  174.25  174.08  174.29  174.31  174.46  174.50  174.63  174.57  174.49  174.47  174.43  174.35
1981 2  174.18  174.10  174.30  174.31  174.46  174.53  174.61  174.57  174.53  174.46  174.41  174.36
1981 3  174.14  174.09  174.30  174.37  174.50  174.59  174.57  174.55  174.50  174.43  174.38  174.32
1981 4  174.09  174.20  174.29  174.43  174.50  174.63  174.59  174.50  174.48  174.40  174.38  174.31
1982 1  174.32  174.28  174.29  174.57  174.65  174.64  174.61  174.52  174.38  174.32  174.19  174.29
1982 2  174.30  174.29  174.32  174.63  174.63  174.65  174.60  174.52  174.35  174.32  174.22  174.32
1982 3  174.27  174.26  174.42  174.66  174.60  174.62  174.59  174.45  174.34  174.25  174.22  174.30
1982 4  174.24  174.26  174.53  174.67  174.60  174.61  174.54  174.41  174.32  174.20  174.26  174.35
1983 1  174.40  174.35  174.35  174.43  174.58  174.70  174.72  174.72  174.63  174.46  174.36  174.40
1983 2  174.40  174.38  174.36  174.48  174.69  174.70  174.71  174.70  174.58  174.44  174.36  174.47
1983 3  174.41  174.35  174.38  174.54  174.69  174.69  174.68  174.69  174.53  174.41  174.43  174.47
1983 4  174.36  174.35  174.41  174.57  174.70  174.67  174.68  174.65  174.49  174.41  174.42  174.35
1984 1  174.42  174.32  174.50  174.65  174.53  174.67  174.70  174.62  174.57  174.50  174.42  174.34
1984 2  174.39  174.31  174.50  174.67  174.57  174.68  174.68  174.64  174.50  174.46  174.39  174.31
1984 3  174.37  174.38  174.47  174.62  174.57  174.67  174.68  174.63  174.53  174.46  174.38  174.36
1984 4  174.35  174.44  174.59  174.59  174.64  174.72  174.64  174.57  174.50  174.43  174.35  174.35
1985 1  174.44  174.41  174.66  174.94  174.96  174.91  174.85  174.78  174.69  174.58  174.53  174.81
1985 2  174.50  174.41  174.75  175.00  174.93  174.89  174.85  174.74  174.69  174.50  174.62  174.77
1985 3  174.45  174.46  174.79  174.99  174.92  174.89  174.85  174.73  174.67  174.52  174.71  174.75
1985 4  174.39  174.46  174.83  174.98  174.90  174.88  174.81  174.69  174.63  174.57  174.74  174.74
1986 1  174.67  174.69  174.80  174.91  174.95  174.98  175.04  175.00  174.86  174.89  174.90  174.85
1986 2  174.63  174.78  174.81  174.91  174.95  175.01  175.02  174.97  174.80  174.94  174.88  174.91
1986 3  174.64  174.75  174.89  174.94  174.94  175.08  175.04  174.95  174.80  174.93  174.80  174.88
1986 4  174.70  174.82  174.93  174.97  174.99  175.06  175.03  174.91  174.82  174.92  174.80  174.88
1987 1  174.89  174.81  174.73  174.75  174.81  174.77  174.78  174.72  174.64  174.55  174.41  174.34
1987 2  174.86  174.82  174.76  174.84  174.80  174.76  174.80  174.72  174.60  174.46  174.37  174.35
1987 3  174.85  174.79  174.74  174.85  174.80  174.76  174.78  174.68  174.60  174.44  174.35  174.36
1987 4  174.80  174.74  174.70  174.84  174.78  174.79  174.76  174.62  174.59  174.40  174.29  174.39
1988 1  174.38  174.32  174.34  174.41  174.47  174.44  174.33  174.32  174.20  174.09  174.01  174.04
1988 2  174.35  174.34  174.34  174.47  174.46  174.42  174.32  174.30  174.16  174.08  174.03  174.01
1988 3  174.31  174.31  174.36  174.47  174.45  174.39  174.31  174.27  174.13  174.00  174.05  173.98
1988 4  174.32  174.33  174.36  174.48  174.46  174.38  174.34  174.23  174.12  174.02  174.07  174.00
1989 1  174.04  174.07  174.06  174.15  174.25  174.43  174.53  174.48  174.33  174.22  174.11  174.01
1989 2  174.02  174.04  174.07  174.25  174.27  174.50  174.52  174.42  174.31  174.16  174.09  174.02
1989 3  174.04  174.05  174.05  174.24  174.32  174.53  174.48  174.38  174.30  174.14  174.08  174.00
1989 4  174.05  174.07  174.10  174.25  174.33  174.55  174.50  174.36  174.29  174.13  174.06  173.95
1990 1  173.93  174.03  174.28  174.31  174.36  174.44  174.42  174.39  174.37  174.31  174.25  174.15
1990 2  173.94  174.09  174.28  174.32  174.38  174.45  174.39  174.37  174.42  174.30  174.24  174.19
1990 3  173.95  174.15  174.30  174.37  174.41  174.44  174.41  174.38  174.40  174.31  174.19  174.21
1990 4  174.02  174.20  174.30  174.38  174.44  174.43  174.40  174.39  174.33  174.29  174.19  174.30
1991 1  174.40  174.34  174.36  174.43  174.55  174.56  174.48  174.37  174.32  174.14  174.10  174.04
1991 2  174.44  174.36  174.44  174.42  174.53  174.55  174.47  174.35  174.29  174.08  174.03  174.05
1991 3  174.43  174.36  174.42  174.43  174.52  174.53  174.46  174.32  174.25  174.07  174.01  174.04
1991 4  174.39  174.36  174.44  174.53  174.51  174.50  174.42  174.35  174.18  174.04  174.04  174.03
1992 1  174.06  174.08  174.14  174.26  174.42  174.42  174.41  174.53  174.48  174.48  174.38  174.46
1992 2  174.07  174.09  174.20  174.28  174.43  174.42  174.38  174.52  174.49  174.40  174.37  174.44
1992 3  174.07  174.10  174.22  174.29  174.42  174.42  174.47  174.52  174.50  174.37  174.43  174.43
1992 4  174.06  174.16  174.24  174.38  174.42  174.40  174.53  174.48  174.56  174.36  174.48  174.40
1993 1  174.44  174.58  174.48  174.66  174.72  174.61  174.69  174.58  174.48  174.36  174.24  174.28
1993 2  174.62  174.56  174.52  174.67  174.70  174.62  174.66  174.56  174.45  174.32  174.22  174.29
1993 3  174.61  174.52  174.52  174.69  174.66  174.67  174.66  174.52  174.42  174.29  174.24  174.30
1993 4  174.60  174.52  174.58  174.70  174.62  174.68  174.61  174.50  174.37  174.28  174.25  174.26
1994 1  174.22  174.18  174.21  174.36  174.56  174.50  174.59  174.54  174.50  174.38  174.26  174.14
1994 2  174.23  174.17  174.24  174.42  174.53  174.51  174.57  174.52  174.44  174.32  174.27  174.18
1994 3  174.19  174.16  174.25  174.49  174.52  174.52  174.58  174.56  174.40  174.32  174.28  174.21
1994 4  174.15  174.18  174.30  174.52  174.53  174.54  174.56  174.52  174.38  174.26  174.16  174.22
1995 1  174.21  174.28  174.26  174.30  174.42  174.45  174.46  174.42  174.32  174.16  174.12  174.10
1995 2  174.15  174.28  174.27  174.35  174.43  174.48  174.43  174.42  174.29  174.22  174.06  174.02
1995 3  174.22  174.24  174.29  174.38  174.42  174.46  174.44  174.42  174.24  174.14  174.07  174.09
1995 4  174.30  174.23  174.31  174.42  174.42  174.44  174.42  174.38  174.20  174.10  174.12  174.07
1996 1  174.06  174.06  174.10  174.21  174.28  174.48  174.64  174.62  174.50  174.53  174.40  174.41
1996 2  174.03  174.02  174.12  174.19  174.38  174.56  174.61  174.61  174.52  174.49  174.42  174.41
1996 3  174.00  174.04  174.16  174.21  174.46  174.58  174.60  174.55  174.55  174.46  174.43  174.48
1996 4  174.06  174.06  174.20  174.25  174.50  174.65  174.60  174.54  174.53  174.44  174.40  174.46
1997 1  174.52  174.48  174.70  174.84  174.76  174.93  175.00  174.88  174.78  174.68  174.54  174.48
1997 2  174.53  174.52  174.76  174.82  174.82  175.03  174.98  174.84  174.75  174.66  174.52  174.48
1997 3  174.46  174.52  174.80  174.84  174.80  175.00  174.96  174.81  174.74  174.64  174.50  174.46
1997 4  174.46  174.55  174.82  174.82  174.85  175.01  174.94  174.80  174.72  174.55  174.45  174.50
1998 1  174.46  174.62  174.70  174.79  174.88  174.81  174.74  174.64  174.55  174.36  174.20  174.04
1998 2  174.60  174.62  174.73  174.86  174.91  174.77  174.74  174.62  174.48  174.34  174.14  174.06
1998 3  174.66  174.62  174.72  174.84  174.88  174.76  174.69  174.60  174.44  174.30  174.10  174.02
1998 4  174.65  174.70  174.78  174.86  174.84  174.74  174.69  174.54  174.40  174.22  174.06  174.00
1999 1  173.97  174.09  174.12  174.16  174.30  174.27  174.26  174.20  174.10  173.99  173.91  173.86
1999 2  173.96  174.10  174.25  174.24  174.28  174.28  174.24  174.16  174.09  173.97  173.92  173.86
1999 3  173.98  174.10  174.16  174.24  174.28  174.28  174.20  174.12  174.04  173.98  173.90  173.84
1999 4  174.00  174.12  174.18  174.32  174.26  174.25  174.20  174.12  173.98  173.92  173.87  173.86
2000 1  173.82  173.76  173.78  173.86  174.02  174.13  174.27  174.24  174.18  174.02  173.96  173.85
2000 2  173.84  173.74  173.78  173.91  174.01  174.12  174.26  174.25  174.10  174.02  173.94  173.82
2000 3  173.84  173.74  173.84  173.94  174.04  174.17  174.28  174.23  174.08  174.00  173.85  173.86
2000 4  173.82  173.73  173.86  174.02  174.10  174.23  174.24  174.19  174.08  173.98  173.84  173.84
2001 1  173.80  173.74  173.90  173.96  174.04  174.08  174.08  173.98  173.90  173.80  173.82  173.80
2001 2  173.76  173.78  173.91  174.01  174.02  174.10  174.06  173.98  173.85  173.80  173.80  173.85
2001 3  173.74  173.88  173.98  174.02  174.04  174.10  174.03  173.92  173.82  173.81  173.80  173.88
2001 4  173.74  173.88  173.96  174.02  174.06  174.10  174.01  173.92  173.80  173.84  173.78  173.86
2002 1  173.87  173.93  173.97  174.08  174.24  174.32  174.30  174.22  174.10  174.02  173.86  173.78
2002 2  173.82  173.97  173.98  174.16  174.25  174.34  174.26  174.18  174.06  173.98  173.81  173.80
2002 3  173.85  173.96  174.03  174.22  174.32  174.32  174.22  174.14  174.04  173.94  173.86  173.80
2002 4  173.85  173.98  174.00  174.24  174.33  174.31  174.22  174.13  174.01  173.92  173.84  173.82
2003 1  173.85  173.76  173.73  173.87  173.98  174.16  174.18  174.18  174.11  173.98  173.88  173.83
2003 2  173.84  173.73  173.72  173.98  174.04  174.14  174.18  174.21  174.07  173.94  173.88  173.88
2003 3  173.82  173.74  173.76  173.98  174.12  174.20  174.19  174.18  174.02  173.92  173.84  173.89
2003 4  173.78  173.72  173.84  173.98  174.12  174.18  174.20  174.13  174.00  173.90  173.82  173.90
2004 1  173.94  173.88  173.86  174.08  174.12  174.31  174.36  174.34  174.28  174.16  174.03  174.00
2004 2  173.98  173.86  173.94  174.11  174.16  174.32  174.34  174.32  174.28  174.08  174.02  174.03
2004 3  173.96  173.84  173.98  174.13  174.20  174.36  174.34  174.29  174.25  174.00  173.98  173.99
2004 4  173.92  173.82  173.97  174.13  174.27  174.38  174.35  174.27  174.21  174.06  174.02  174.00
2005 1  174.04  174.23  174.28  174.28  174.43  174.36  174.26  174.22  174.12  174.06  173.94  173.88
2005 2  174.18  174.22  174.29  174.40  174.42  174.31  174.22  174.16  174.10  174.04  173.90  173.86
2005 3  174.32  174.26  174.28  174.37  174.39  174.32  174.22  174.15  174.08  174.00  173.84  173.84
2005 4  174.29  174.30  174.31  174.36  174.38  174.29  174.20  174.12  174.08  173.98  173.82  173.80
2006 1  173.90  174.02  174.06  174.12  174.18  174.24  174.27  174.31  174.24  174.10  174.10  174.12
2006 2  173.95  174.09  174.06  174.16  174.16  174.26  174.25  174.28  174.16  174.10  174.08  174.12
2006 3  173.98  174.06  174.14  174.18  174.20  174.24  174.28  174.22  174.16  174.06  174.14  174.14
2006 4  173.98  174.08  174.15  174.18  174.23  174.29  174.27  174.18  174.11  174.09  174.12  174.15
2007 1  174.19  174.30  174.19  174.32  174.38  174.30  174.22  174.12  174.16  174.00  173.84  173.78
2007 2  174.24  174.24  174.20  174.29  174.36  174.29  174.17  174.14  174.12  173.98  173.80  173.82
2007 3  174.36  174.21  174.29  174.30  174.34  174.27  174.14  174.10  174.07  173.94  173.76  173.90
2007 4  174.33  174.19  174.30  174.31  174.32  174.24  174.14  174.16  174.04  173.92  173.80  173.82
2008 1  173.90  173.93  174.14  174.34  174.38  174.31  174.34  174.30  174.15  174.07  173.92  173.92
2008 2  173.90  174.08  174.22  174.40  174.38  174.30  174.35  174.26  174.12  174.02  173.88  173.92
2008 3  173.98  174.12  174.24  174.41  174.37  174.32  174.36  174.24  174.14  174.02  173.92  173.96
2008 4  173.93  174.14  174.32  174.40  174.34  174.32  174.36  174.20  174.11  173.99  173.92  173.98
2009 1  174.05  173.99  174.18  174.37  174.46  174.44  174.47  174.38  174.30  174.18  174.08  174.02
2009 2  174.04  173.96  174.22  174.40  174.46  174.44  174.44  174.34  174.30  174.15  174.07  174.01
2009 3  174.07  174.13  174.37  174.43  174.46  174.44  174.40  174.36  174.26  174.16  174.07  174.02
2009 4  174.02  174.12  174.41  174.46  174.44  174.48  174.41  174.34  174.20  174.10  174.06  174.04
2010 1  174.03  173.98  173.88  174.04  174.12  174.25  174.30  174.26  174.12  173.99  173.92  173.88
2010 2  174.03  173.96  173.90  174.06  174.12  174.34  174.27  174.22  174.04  174.01  173.88  173.87
2010 3  173.98  173.92  173.98  174.08  174.22  174.34  174.26  174.19  174.02  173.99  173.88  173.86
2010 4  173.98  173.90  174.02  174.10  174.26  174.31  174.26  174.18  173.98  173.94  173.88  173.86
2011 1  173.84  173.76  173.83  174.10  174.36  174.60  174.54  174.44  174.32  174.30  174.26  174.32
2011 2  173.86  173.74  173.96  174.16  174.40  174.60  174.50  174.42  174.33  174.28  174.19  174.40
2011 3  173.85  173.72  174.06  174.21  174.44  174.56  174.47  174.39  174.28  174.22  174.20  174.41
2011 4  173.80  173.80  174.14  174.26  174.48  174.56  174.45  174.33  174.26  174.26  174.20  174.44
2012 1  174.40  174.42  174.36  174.36  174.28  174.26  174.18  174.08  173.99  173.90  173.88  173.81
2012 2  174.38  174.41  174.34  174.32  174.28  174.24  174.18  174.07  174.00  173.84  173.88  173.84
2012 3  174.38  174.37  174.36  174.28  174.28  174.22  174.14  174.05  173.94  173.78  173.86  173.81
2012 4  174.37  174.35  174.38  174.27  174.26  174.21  174.09  174.01  173.90  173.78  173.78  173.83
2013 1  173.81  173.80  173.90  173.92  174.12  174.12  174.31  174.34  174.24  174.10  174.01  173.94
2013 2  173.78  173.88  173.90  173.93  174.11  174.19  174.32  174.32  174.18  174.14  174.00  173.92
2013 3  173.88  173.86  173.94  174.05  174.10  174.25  174.36  174.28  174.14  174.09  173.96  173.88
2013 4  173.84  173.86  173.96  174.08  174.09  174.24  174.40  174.24  174.16  174.04  173.94  174.01
2014 1  174.03  173.95  173.96  174.06  174.26  174.40  174.42  174.38  174.31  174.28  174.24  174.16
2014 2  174.01  173.94  173.93  174.17  174.28  174.40  174.42  174.40  174.33  174.26  174.17  174.17
2014 3  174.02  173.92  174.00  174.23  174.36  174.40  174.41  174.36  174.33  174.26  174.14  174.17
2014 4  173.98  173.92  174.03  174.25  174.41  174.40  174.40  174.37  174.30  174.24  174.09  174.18
2015 1  174.12  174.10  173.96  174.10  174.28  174.44  174.72  174.70  174.54  174.46  174.27  174.20
2015 2  174.15  174.06  173.94  174.18  174.29  174.42  174.73  174.66  174.53  174.40  174.26  174.18  
2015 3  174.18  174.02  174.00  174.26  174.32  174.52  174.78  174.63  174.50  174.31  174.22  174.17
2015 4  174.12  174.00  174.04  174.27  174.32  174.59  174.74  174.57  174.48  174.30  174.18  174.15
2016 1  174.22  174.25  174.32  174.52  174.64  174.65  174.57  174.52  174.45  174.40  174.30  174.18
2016 2  174.24  174.28  174.35  174.60  174.66  174.63  174.57  174.48  174.40  174.36  174.30  174.14
2016 3  174.25  174.28  174.43  174.63  174.64  174.60  174.56  174.46  174.39  174.29  174.26  174.16
2016 4  174.24  174.28  174.44  174.62  174.66  174.60  174.52  174.43  174.40  174.30  174.23  174.17
2017 1  174.18  174.38  174.42  174.55  174.70  174.86  174.80  174.76  174.69  174.58  -9999.  -9999.
2017 2  174.22  174.40  174.42  174.63  174.84  174.84  174.80  174.72  174.62  -9999.  -9999.  -9999.
2017 3  174.30  174.40  174.45  174.63  174.83  174.83  174.82  174.71  174.58  -9999.  -9999.  -9999.
2017 4  174.37  174.42  174.46  174.70  174.84  174.80  174.82  174.68  174.58  -9999.  -9999.  -9999.