#LONG LAC - OGOKI DIVERSIONS SUM (m^3/s)
# FORTRAN FORMAT  I4 12F8.0
#,             1939         ,              2017 
UNITS:m3s
INTERVAL:m
#####.
1939      0.      0.      0.      0.      0.      0.      3.     10.     10.      5.      0.      0.
1940      0.      0.      0.      0.     16.     24.     32.     36.     25.      0.      0.      0.
1941      6.     20.     17.     19.     42.     46.     40.     34.     36.     34.     49.     44.
1942     35.     27.     20.     20.     50.     65.     55.     46.     36.     16.     59.     53.
1943     42.     32.     24.     20.     46.     65.     89.    119.    144.    155.    150.    128.
1944    112.     96.     75.     69.    132.    227.    209.     84.     66.    109.     79.     73.
1945     82.     58.     55.     73.    102.    202.    246.    181.    107.    106.    113.    105.
1946     94.     81.     79.    107.    285.    353.    301.    160.    107.    132.    208.    207.
1947    143.    113.     83.     69.    217.    241.    278.    147.    141.    115.     96.    105.
1948    100.     80.     61.     72.    232.    264.    257.    214.    129.     95.     94.    133.
1949    105.     97.    100.    137.    291.    295.    154.    135.    102.    103.    131.    140.
1950    142.    125.    110.     98.    253.     65.     66.     60.    198.    101.    194.    188.
1951    135.    105.     86.     72.    132.     84.    101.    133.    113.    215.    213.    267.
1952    179.    138.    107.     55.     27.     59.     58.     44.     36.     35.     25.     96.
1953    173.    109.     90.     91.    151.    264.    264.     36.     39.     91.    224.    149.
1954    212.    158.    125.    110.    211.     73.     36.    169.    168.    169.    181.    214.
1955    144.    127.    113.    115.    276.    308.    276.    159.    121.    108.    125.    133.
1956    123.    111.     98.     93.    135.    413.    321.    196.    136.    125.    123.    131.
1957    107.     89.     82.     92.    267.    309.     75.    188.    125.    120.    156.    129.
1958    110.    108.    101.    108.    251.    322.    234.    167.    152.    204.    246.    194.
1959    158.    140.    108.    102.    145.    345.    363.    259.    190.    173.    148.    136.
1960    115.    112.     93.     91.    167.    279.    219.    138.     99.     77.     99.    110.
1961    109.    104.     97.     98.    266.    373.    222.    138.    100.    114.    134.    115.
1962    112.    114.     98.     91.    135.    290.    245.    220.    226.    167.    129.    112.
1963    110.    101.     87.     90.    123.    235.    199.    280.    257.    168.    119.    105.
1964    101.     96.     88.     97.    317.    362.    207.    343.    301.    359.    264.    188.
1965    152.    129.    136.    134.    187.    238.    211.    174.    135.    199.    217.    207.
1966    187.    159.    133.    131.    237.    500.    141.    289.    184.    133.    114.    100.
1967    106.     94.     83.     95.    182.    382.    274.    177.    111.     86.    100.    100.
1968    106.     92.     83.    110.    281.    447.    277.    110.     95.     83.    356.    252.
1969    183.    158.    130.    124.    295.    462.    149.     39.    348.    249.    186.    154.
1970    136.    127.    108.     93.    177.    320.    266.    250.    248.    348.     85.    175.
1971    205.    167.    139.    135.    274.    330.    236.    163.     95.    136.    316.    295.
1972    209.    162.    122.    101.    208.    239.    165.    135.    130.    147.    165.    155.
1973    128.    101.     90.     85.    181.    229.    242.    236.    211.    174.    156.    158.
1974    130.    116.     97.     87.    130.     35.     44.    125.    238.    251.    250.    193.
1975    154.    130.    108.     92.    167.    285.    265.    170.    133.     99.    119.    120.
1976    115.     99.     84.     85.    191.    210.    174.    131.     90.     70.     56.     46.
1977     42.     41.     54.     65.    190.    207.    223.    201.    217.    221.    168.    163.
1978    150.    126.    100.     87.    133.    351.    312.    228.    199.    158.    116.    116.
1979     91.     76.     68.     75.    185.    244.    172.    158.    162.    152.    153.    169.
1980    144.    112.     93.     92.    172.    165.    118.     82.     59.     75.    114.    126.
1981    110.     98.     94.     88.    122.    158.    153.     91.     66.     46.     42.     34.
1982     66.     58.     44.     46.    121.    222.    216.    134.    128.    168.    171.    183.
1983    154.    138.    114.     93.    128.    179.    235.    240.    158.    118.    133.    124.
1984    127.    122.     99.     87.    264.    301.    276.    199.    157.    121.    100.    121.
1985    117.     97.     89.     91.    270.    391.    252.    171.     83.    113.    103.    101.
1986    119.    112.     90.     73.    234.    307.    116.    203.    109.    111.    116.    124.
1987    108.     91.     73.     64.     73.     91.     92.     85.    107.     71.     61.     74.
1988     74.     69.     61.     53.    119.    176.    206.    195.    210.    233.    296.    242.
1989    180.    152.    115.     95.    214.    284.    184.    141.    115.     90.     71.     74.
1990     58.     56.     67.     58.    157.    314.    333.    230.    127.     89.     92.    102.
1991     83.     84.     82.     71.    186.    239.    188.    144.     89.     66.     96.    121.
1992    125.    117.    103.     86.    230.    328.    213.    153.     88.     76.     96.    160.
1993    145.    119.     98.     79.    117.    134.    127.    174.    335.    322.    271.    192.
1994    146.    115.     86.     56.     95.    125.    204.    226.    159.    193.    200.    218.
1995    193.    164.    128.    109.    127.    324.    259.    164.     90.    177.    145.    133.
1996    128.    115.     69.     51.     94.    359.    232.    190.    201.    166.    257.    293.
1997    217.    176.    134.    112.    234.    313.    182.    113.     83.     62.     56.     71.
1998     83.     80.     51.     37.     61.     34.     38.     38.     39.     82.    163.    158.
1999    141.    103.     90.     71.    178.    246.    199.    192.    210.    291.    337.    175.
2000    155.    137.    110.     98.    222.    357.    266.    251.    144.    129.    134.    146.
2001    113.     96.     86.     70.    216.    322.    282.    201.    163.    147.    239.    261.
2002    187.    144.    115.     88.    272.    424.    230.    208.    172.    135.    103.     92.
2003     93.     81.     76.     76.    133.    139.    140.    135.    166.    231.    235.    175.
2004    145.    119.    120.    102.    242.    422.    310.    232.    382.    377.    102.     72.
2005    101.    104.     98.    116.    291.    312.    266.    184.    119.     91.    106.    129.
2006    133.    115.     94.    132.    324.    294.    178.    110.     67.     61.     59.     62.
2007     80.     73.     55.     42.     74.    259.    351.    276.    230.    191.     63.    168.
2008    214.    154.    116.     91.    249.    189.     78.     54.    102.    187.    206.    182.
2009    162.    129.    101.     87.    280.    349.    257.    143.     45.     66.    182.    197.
2010    158.    120.    102.     91.     69.     93.    114.    144.    153.    137.    174.    141.
2011    143.    121.     98.    110.    225.    320.    228.     93.    106.     86.     68.     56.
2012     75.     76.     77.    155.    241.     79.    219.    250.    147.    100.     82.     76.
2013     88.     90.     79.     63.    193.    354.    198.    100.    109.    175.    182.    147.
2014    122.    105.     85.     74.    217.    312.     94.     60.    192.    237.    221.    167.
2015    130.    114.     92.     97.    263.    328.    153.    231.    222.    173.    155.    181.
2016    169.    146.    120.    109.    166.    235.    201.    153.    200.    183.    200.    169.
2017    162.    137.    116.    143.    337.    353.    242.    145.    149.  -9999.  -9999.  -9999.