#LAKE MICHIGAN - HURON MONTHLY OUTFLOW (m^3/s*10) Coordinated Sep 2010
# FORTRAN FORMAT  I4 12F8.
#,             1900         ,              2017 
UNITS:10m3s
INTERVAL:m
#####.
1900    419.    396.    396.    513.    524.    530.    544.    547.    555.    558.    564.    544.
1901    470.    357.    436.    360.    549.    572.    578.    578.    566.    561.    555.    530.
1902    413.    430.    518.    527.    532.    544.    541.    549.    538.    527.    530.    515.
1903    399.    388.    490.    524.    524.    532.    544.    544.    549.    561.    544.    515.
1904    433.    419.    436.    530.    552.    572.    578.    580.    578.    580.    569.    535.
1905    357.    394.    456.    555.    566.    578.    583.    586.    586.    583.    572.    561.
1906    547.    425.    481.    566.    578.    578.    583.    580.    572.    561.    555.    515.
1907    442.    411.    490.    558.    564.    572.    583.    580.    583.    572.    561.    549.
1908    396.    374.    473.    544.    561.    578.    589.    583.    569.    555.    544.    538.
1909    481.    345.    436.    521.    538.    552.    558.    552.    549.    538.    521.    504.
1910    391.    396.    504.    515.    527.    535.    530.    527.    524.    524.    515.    479.
1911    382.    368.    481.    490.    510.    518.    521.    521.    510.    510.    504.    496.
1912    385.    399.    442.    476.    501.    532.    532.    541.    544.    549.    549.    549.
1913    521.    413.    467.    521.    544.    564.    572.    566.    555.    561.    555.    541.
1914    436.    436.    456.    521.    527.    538.    541.    541.    544.    538.    538.    498.
1915    371.    422.    484.    513.    510.    515.    515.    515.    515.    515.    515.    501.
1916    464.    402.    411.    510.    532.    549.    566.    566.    564.    555.    561.    549.
1917    453.    453.    544.    549.    561.    572.    592.    597.    583.    575.    572.    476.
1918    408.    456.    498.    456.    606.    617.    609.    600.    592.    575.    578.    566.
1919    538.    524.    530.    538.    561.    558.    566.    561.    552.    544.    541.    541.
1920    348.    374.    473.    547.    558.    564.    572.    566.    569.    561.    544.    532.
1921    524.    385.    507.    513.    538.    538.    535.    532.    521.    524.    504.    510.
1922    408.    379.    464.    513.    532.    547.    547.    544.    535.    527.    518.    501.
1923    379.    385.    425.    484.    496.    521.    518.    518.    515.    510.    498.    479.
1924    425.    345.    436.    459.    479.    501.    504.    510.    510.    496.    479.    425.
1925    377.    368.    419.    459.    470.    467.    470.    464.    453.    453.    442.    445.
1926    311.    326.    360.    433.    456.    470.    470.    467.    459.    453.    447.    450.
1927    320.    348.    413.    470.    487.    504.    504.    504.    493.    498.    487.    481.
1928    402.    328.    388.    510.    530.    532.    538.    549.    555.    561.    569.    561.
1929    479.    464.    541.    572.    606.    617.    623.    623.    612.    589.    589.    504.
1930    453.    470.    544.    538.    549.    561.    572.    572.    561.    544.    527.    510.
1931    416.    314.    351.    496.    498.    493.    496.    481.    470.    470.    476.    464.
1932    445.    447.    379.    459.    453.    462.    470.    467.    456.    450.    442.    411.
1933    422.    328.    411.    428.    439.    459.    459.    459.    447.    442.    439.    413.
1934    306.    343.    374.    436.    442.    447.    450.    453.    450.    450.    439.    445.
1935    365.    422.    425.    453.    456.    464.    473.    473.    464.    462.    459.    399.
1936    382.    377.    425.    470.    481.    490.    487.    479.    484.    487.    476.    456.
1937    450.    345.    456.    445.    462.    467.    464.    464.    470.    467.    467.    436.
1938    360.    411.    374.    476.    493.    504.    515.    521.    518.    515.    510.    498.
1939    447.    396.    408.    484.    510.    521.    532.    538.    538.    532.    524.    510.
1940    357.    405.    430.    476.    484.    493.    498.    498.    507.    498.    493.    484.
1941    396.    368.    439.    476.    501.    498.    498.    490.    493.    504.    513.    510.
1942    416.    300.    459.    513.    524.    535.    538.    535.    532.    527.    521.    501.
1943    396.    419.    464.    527.    521.    555.    572.    589.    589.    580.    578.    561.
1944    422.    464.    476.    544.    549.    555.    561.    561.    561.    561.    549.    538.
1945    425.    459.    513.    518.    527.    549.    564.    561.    555.    549.    552.    530.
1946    467.    453.    552.    569.    566.    561.    564.    555.    549.    538.    532.    524.
1947    428.    419.    501.    493.    521.    538.    561.    561.    561.    561.    561.    544.
1948    490.    470.    498.    538.    549.    549.    552.    552.    538.    521.    510.    504.
1949    484.    459.    433.    493.    504.    504.    515.    513.    504.    487.    481.    462.
1950    433.    379.    402.    456.    481.    498.    515.    530.    527.    527.    527.    504.
1951    439.    442.    510.    530.    561.    569.    589.    597.    595.    606.    606.    595.
1952    575.    572.    575.    609.    623.    634.    634.    646.    640.    629.    609.    603.
1953    592.    569.    578.    583.    606.    612.    623.    626.    617.    606.    595.    578.
1954    479.    445.    558.    555.    578.    589.    606.    606.    597.    603.    606.    595.
1955    552.    524.    558.    569.    583.    583.    583.    572.    549.    538.    532.    518.
1956    408.    402.    470.    513.    510.    535.    538.    538.    532.    524.    521.    510.
1957    413.    442.    490.    487.    493.    504.    515.    510.    510.    498.    498.    490.
1958    399.    374.    464.    464.    498.    487.    487.    484.    479.    470.    467.    436.
1959    334.    362.    428.    439.    470.    484.    487.    490.    493.    490.    496.    490.
1960    464.    419.    467.    490.    538.    555.    578.    580.    578.    572.    561.    530.
1961    493.    510.    518.    515.    515.    521.    530.    530.    530.    535.    532.    515.
1962    433.    416.    490.    513.    530.    532.    532.    524.    527.    510.    493.    464.
1963    402.    374.    430.    459.    476.    484.    487.    490.    481.    476.    470.    442.
1964    377.    360.    413.    416.    439.    442.    450.    453.    456.    456.    450.    436.
1965    371.    377.    408.    439.    470.    481.    487.    493.    496.    510.    504.    493.
1966    484.    459.    481.    501.    515.    515.    521.    513.    510.    501.    487.    484.
1967    473.    442.    473.    498.    518.    527.    544.    544.    538.    521.    532.    510.
1968    462.    464.    498.    504.    518.    527.    544.    555.    558.    561.    558.    535.
1969    464.    513.    527.    538.    555.    572.    589.    600.    595.    586.    583.    552.
1970    425.    470.    541.    544.    564.    578.    583.    586.    586.    578.    578.    566.
1971    521.    498.    555.    580.    597.    606.    617.    617.    609.    600.    595.    575.
1972    561.    532.    544.    549.    589.    606.    606.    617.    629.    626.    612.    595.
1973    586.    549.    569.    606.    626.    637.    646.    651.    646.    637.    629.    606.
1974    566.    572.    583.    595.    620.    643.    657.    648.    640.    623.    617.    595.
1975    569.    555.    544.    583.    612.    623.    631.    623.    617.    600.    586.    580.
1976    473.    498.    549.    600.    623.    629.    631.    623.    606.    589.    569.    515.
1977    419.    467.    515.    532.    535.    541.    541.    544.    532.    532.    544.    515.
1978    481.    470.    490.    507.    527.    544.    561.    564.    566.    578.    566.    544.
1979    450.    473.    532.    555.    595.    600.    612.    620.    612.    597.    589.    580.
1980    569.    558.    549.    561.    578.    589.    595.    592.    592.    592.    583.    566.
1981    467.    521.    558.    561.    578.    578.    583.    580.    586.    566.    566.    555.
1982    462.    459.    496.    518.    549.    552.    558.    572.    572.    564.    561.    549.
1983    547.    547.    564.    561.    578.    606.    612.    600.    600.    595.    580.    538.
1984    439.    541.    521.    368.    600.    612.    617.    617.    612.    609.    606.    603.
1985    558.    541.    575.    600.    637.    643.    637.    637.    637.    637.    626.    612.
1986    552.    561.    583.    626.    637.    640.    654.    663.    660.    674.    665.    623.
1987    619.    573.    584.    621.    619.    624.    617.    613.    599.    591.    584.    571.
1988    541.    531.    560.    583.    586.    587.    578.    573.    561.    559.    549.    563.
1989    543.    515.    529.    551.    558.    554.    559.    558.    557.    544.    535.    478.
1990    487.    495.    495.    516.    527.    536.    553.    549.    542.    537.    540.    536.
1991    487.    505.    516.    542.    558.    569.    571.    568.    556.    545.    545.    560.
1992    525.    509.    540.    548.    558.    554.    546.    543.    531.    541.    528.    544.
1993    526.    496.    510.    526.    564.    583.    595.    596.    593.    588.    584.    580.
1994    463.    500.    558.    567.    578.    578.    580.    583.    587.    582.    578.    577.
1995    555.    506.    524.    550.    562.    569.    558.    560.    565.    548.    559.    534.
1996    442.    511.    519.    473.    572.    578.    593.    592.    587.    586.    597.    576.
1997    538.    557.    578.    595.    613.    608.    624.    632.    631.    623.    609.    593.
1998    564.    562.    564.    582.    586.    590.    590.    579.    577.    567.    555.    552.
1999    470.    526.    503.    521.    520.    528.    538.    547.    530.    522.    516.    501.
2000    456.    432.    494.    490.    487.    489.    489.    490.    496.    492.    484.    455.
2001    416.    450.    465.    466.    483.    497.    503.    503.    505.    504.    516.    504.
2002    502.    483.    493.    489.    513.    526.    537.    541.    532.    528.    518.    496.
2003    443.    407.    447.    471.    482.    489.    490.    491.    479.    484.    489.    486.
2004    429.    451.    478.    494.    497.    525.    539.    530.    524.    520.    523.    506.
2005    448.    472.    481.    502.    503.    509.    516.    515.    506.    506.    486.    477.
2006    479.    481.    482.    494.    497.    504.    497.    498.    487.    485.    482.    479.
2007    473.    416.    453.    486.    483.    492.    499.    492.    484.    483.    483.    460.
2008    443.    421.    426.    453.    487.    497.    508.    521.    513.    517.    506.    479.
2009    434.    457.    478.    501.    517.    530.    537.    537.    537.    530.    539.    528.
2010    458.    426.    488.    514.    504.    503.    515.    519.    518.    512.    496.    490.
2011    401.    380.    406.    463.    473.    481.    500.    506.    492.    492.    486.    459.
2012    459.    464.    464.    490.    488.    490.    490.    488.    476.    471.    457.    450.
2013    428.    405.    442.    446.    483.    488.    476.    489.    491.    487.    497.    491.
2014    394.    437.    457.    491.    512.    526.    540.    542.    549.    564.    567.    574.
2015    450.    445.    521.    563.    570.    564.    553.    562.    567.    557.    560.    563.
2016    566.    544.    559.    576.    586.    590.    589.    585.    583.    576.    573.    560.
2017    546.    543.    584.    582.    582.    573.    607.    615.    618.  -9999.  -9999.  -9999.