#LAKE ONTARIO BEGINNING OF QUARTER MONTH LEVELS (METRES 1985 DATUM)
# FORTRAN FORMAT I4 I2 12F8.2
#,             1900         ,              2017 
UNITS:m
INTERVAL:qm
###.##
1900 1   74.28   74.32   74.46   74.52   74.76   74.75   74.72   74.67   74.58   74.46   74.34   74.38
1900 2   74.31   74.34   74.47   74.61   74.78   74.76   74.70   74.66   74.57   74.43   74.32   74.40
1900 3   74.32   74.38   74.49   74.69   74.76   74.76   74.72   74.66   74.50   74.40   74.28   74.43
1900 4   74.34   74.41   74.47   74.75   74.78   74.75   74.70   74.61   74.47   74.35   74.31   74.41
1901 1   74.37   74.37   74.25   74.41   74.76   74.73   74.76   74.67   74.57   74.46   74.29   74.20
1901 2   74.34   74.37   74.22   74.54   74.75   74.76   74.75   74.66   74.54   74.40   74.25   74.20
1901 3   74.37   74.31   74.23   74.58   74.73   74.76   74.72   74.61   74.52   74.35   74.23   74.25
1901 4   74.37   74.26   74.29   74.70   74.72   74.78   74.69   74.58   74.47   74.34   74.23   74.32
1902 1   74.32   74.32   74.28   74.58   74.63   74.63   74.67   74.82   74.76   74.63   74.52   74.47
1902 2   74.29   74.29   74.40   74.61   74.63   74.63   74.76   74.84   74.72   74.63   74.50   74.44
1902 3   74.29   74.29   74.49   74.64   74.63   74.63   74.78   74.81   74.69   74.58   74.50   74.43
1902 4   74.31   74.28   74.57   74.63   74.61   74.64   74.81   74.78   74.66   74.55   74.49   74.41
1903 1   74.41   74.37   74.47   74.82   75.01   74.93   74.95   74.95   74.84   74.69   74.64   74.54
1903 2   74.41   74.43   74.54   74.95   74.98   74.89   74.95   74.93   74.82   74.67   74.60   74.50
1903 3   74.38   74.46   74.67   74.99   74.98   74.92   74.93   74.90   74.81   74.69   74.57   74.47
1903 4   74.40   74.43   74.78   74.98   74.95   74.92   74.92   74.84   74.73   74.67   74.55   74.44
1904 1   74.43   74.37   74.49   74.79   75.11   75.27   75.31   75.28   75.19   75.04   74.95   74.73
1904 2   74.38   74.40   74.50   74.92   75.18   75.31   75.31   75.25   75.19   75.04   74.90   74.69
1904 3   74.35   74.41   74.55   74.99   75.19   75.31   75.31   75.22   75.13   75.01   74.82   74.66
1904 4   74.34   74.44   74.61   75.07   75.24   75.31   75.31   75.24   75.07   74.98   74.79   74.64
1905 1   74.63   74.64   74.49   74.61   74.78   74.89   75.02   75.07   75.07   74.92   74.86   74.75
1905 2   74.70   74.58   74.49   74.72   74.84   74.92   75.07   75.07   75.05   74.92   74.81   74.75
1905 3   74.67   74.52   74.47   74.76   74.86   74.96   75.07   75.11   75.04   74.92   74.78   74.75
1905 4   74.66   74.50   74.50   74.78   74.86   75.01   75.07   75.08   74.98   74.87   74.76   74.73
1906 1   74.76   74.84   74.79   74.76   74.86   74.86   74.93   74.92   74.78   74.64   74.66   74.66
1906 2   74.81   74.84   74.78   74.79   74.86   74.89   74.93   74.90   74.73   74.64   74.66   74.67
1906 3   74.81   74.82   74.76   74.86   74.87   74.89   74.93   74.87   74.72   74.63   74.64   74.67
1906 4   74.82   74.79   74.75   74.86   74.87   74.90   74.93   74.82   74.69   74.64   74.66   74.67
1907 1   74.67   74.93   74.89   74.99   75.04   75.10   75.10   75.08   74.98   74.90   74.84   74.86
1907 2   74.79   74.90   74.87   75.01   75.08   75.11   75.08   75.07   74.95   74.90   74.87   74.82
1907 3   74.84   74.90   74.87   75.01   75.08   75.10   75.08   75.05   74.92   74.89   74.84   74.82
1907 4   74.90   74.89   74.90   75.02   75.08   75.10   75.08   75.01   74.90   74.84   74.86   74.84
1908 1   74.92   74.99   75.08   75.28   75.40   75.57   75.53   75.43   75.24   75.02   74.86   74.69
1908 2   74.93   74.99   75.08   75.34   75.48   75.56   75.48   75.42   75.16   74.96   74.79   74.66
1908 3   74.95   75.01   75.11   75.36   75.54   75.54   75.46   75.39   75.10   74.90   74.76   74.60
1908 4   74.96   75.05   75.19   75.39   75.59   75.54   75.46   75.31   75.05   74.87   74.70   74.57
1909 1   74.54   74.54   74.64   74.67   74.93   75.18   75.11   75.10   74.98   74.79   74.63   74.55
1909 2   74.52   74.54   74.67   74.72   75.02   75.18   75.10   75.05   74.90   74.73   74.60   74.54
1909 3   74.52   74.55   74.66   74.79   75.11   75.16   75.10   75.04   74.86   74.70   74.57   74.52
1909 4   74.50   74.57   74.66   74.86   75.18   75.13   75.10   74.99   74.84   74.66   74.55   74.50
1910 1   74.50   74.49   74.50   74.67   74.79   74.90   74.87   74.81   74.73   74.63   74.54   74.47
1910 2   74.49   74.49   74.61   74.72   74.87   74.90   74.86   74.79   74.73   74.63   74.50   74.46
1910 3   74.47   74.49   74.64   74.70   74.87   74.90   74.84   74.76   74.69   74.60   74.50   74.44
1910 4   74.47   74.49   74.67   74.73   74.89   74.90   74.82   74.76   74.64   74.57   74.47   74.41
1911 1   74.38   74.38   74.43   74.47   74.60   74.63   74.66   74.57   74.44   74.37   74.31   74.29
1911 2   74.38   74.38   74.40   74.50   74.63   74.64   74.64   74.54   74.43   74.35   74.29   74.28
1911 3   74.38   74.40   74.43   74.54   74.63   74.66   74.63   74.52   74.41   74.34   74.29   74.31
1911 4   74.37   74.41   74.44   74.58   74.63   74.66   74.61   74.47   74.38   74.32   74.28   74.35
1912 1   74.37   74.40   74.43   74.52   74.92   75.13   75.13   75.02   74.92   74.86   74.76   74.78
1912 2   74.38   74.40   74.41   74.64   74.93   75.16   75.08   74.98   74.89   74.82   74.76   74.78
1912 3   74.38   74.38   74.41   74.75   74.96   75.16   75.07   74.96   74.87   74.81   74.78   74.78
1912 4   74.38   74.40   74.46   74.86   75.05   75.16   75.05   74.95   74.87   74.79   74.76   74.78
1913 1   74.78   75.04   74.92   75.18   75.34   75.39   75.36   75.24   75.11   74.93   74.81   74.78
1913 2   74.81   75.04   74.89   75.27   75.36   75.40   75.34   75.22   75.05   74.89   74.79   74.76
1913 3   74.86   74.96   74.92   75.30   75.36   75.39   75.33   75.18   74.99   74.86   74.79   74.73
1913 4   74.96   74.92   74.98   75.31   75.37   75.36   75.28   75.14   74.96   74.82   74.79   74.72
1914 1   74.70   74.66   74.63   74.76   74.98   75.05   75.02   74.92   74.84   74.72   74.58   74.47
1914 2   74.67   74.69   74.64   74.87   75.02   75.05   75.01   74.87   74.82   74.69   74.55   74.44
1914 3   74.64   74.70   74.64   74.89   75.05   75.05   74.99   74.87   74.79   74.66   74.54   74.40
1914 4   74.64   74.67   74.66   74.96   75.05   75.04   74.96   74.86   74.78   74.63   74.49   74.37
1915 1   74.35   74.37   74.50   74.49   74.49   74.49   74.49   74.49   74.61   74.57   74.49   74.40
1915 2   74.34   74.40   74.52   74.47   74.49   74.49   74.49   74.58   74.58   74.55   74.43   74.37
1915 3   74.34   74.41   74.50   74.49   74.49   74.49   74.49   74.60   74.60   74.54   74.41   74.37
1915 4   74.35   74.44   74.49   74.49   74.49   74.49   74.49   74.63   74.58   74.52   74.40   74.35
1916 1   74.38   74.54   74.57   74.67   75.01   75.21   75.42   75.28   75.07   74.87   74.72   74.61
1916 2   74.43   74.55   74.58   74.82   75.04   75.31   75.42   75.25   75.04   74.81   74.69   74.58
1916 3   74.47   74.57   74.58   74.87   75.08   75.34   75.39   75.21   74.98   74.78   74.67   74.58
1916 4   74.49   74.55   74.58   74.96   75.18   75.40   75.36   75.14   74.93   74.76   74.64   74.57
1917 1   74.54   74.47   74.43   74.64   74.89   74.93   75.13   75.22   75.10   74.98   74.99   74.92
1917 2   74.54   74.47   74.43   74.76   74.90   74.99   75.16   75.19   75.08   74.96   74.98   74.92
1917 3   74.52   74.44   74.47   74.84   74.89   75.05   75.21   75.16   75.02   74.93   74.95   74.92
1917 4   74.50   74.44   74.55   74.87   74.92   75.10   75.22   75.11   74.99   74.92   74.95   74.90
1918 1   74.87   74.73   74.82   75.04   75.13   75.08   75.04   74.95   74.81   74.76   74.76   74.72
1918 2   74.82   74.70   74.86   75.08   75.10   75.08   75.04   74.92   74.82   74.75   74.76   74.72
1918 3   74.81   74.72   74.92   75.11   75.11   75.07   75.02   74.92   74.81   74.75   74.73   74.72
1918 4   74.78   74.76   74.99   75.13   75.10   75.05   74.99   74.86   74.79   74.73   74.75   74.73
1919 1   74.73   74.73   74.70   74.81   75.02   75.34   75.33   75.24   75.10   74.93   74.81   74.72
1919 2   74.76   74.72   74.70   74.86   75.08   75.37   75.31   75.18   75.05   74.90   74.81   74.70
1919 3   74.75   74.72   74.73   74.90   75.14   75.37   75.30   75.14   75.01   74.86   74.78   74.66
1919 4   74.75   74.70   74.79   74.96   75.27   75.34   75.27   75.14   74.98   74.82   74.75   74.64
1920 1   74.61   74.49   74.40   74.58   74.63   74.61   74.63   74.67   74.61   74.54   74.50   74.49
1920 2   74.57   74.46   74.37   74.61   74.64   74.61   74.64   74.64   74.60   74.54   74.50   74.54
1920 3   74.54   74.46   74.44   74.60   74.63   74.61   74.66   74.64   74.60   74.52   74.46   74.57
1920 4   74.50   74.44   74.52   74.60   74.63   74.63   74.67   74.63   74.55   74.50   74.47   74.61
1921 1   74.63   74.60   74.60   74.81   74.92   74.96   74.90   74.81   74.64   74.50   74.40   74.38
1921 2   74.66   74.60   74.64   74.86   74.96   74.95   74.89   74.75   74.63   74.49   74.38   74.40
1921 3   74.64   74.60   74.70   74.86   74.98   74.95   74.87   74.73   74.58   74.47   74.38   74.37
1921 4   74.63   74.60   74.76   74.92   74.96   74.93   74.84   74.69   74.54   74.46   74.40   74.40
1922 1   74.38   74.32   74.41   74.55   74.90   74.93   75.02   74.98   74.82   74.69   74.54   74.41
1922 2   74.40   74.37   74.46   74.64   74.93   74.93   75.07   74.98   74.79   74.66   74.50   74.37
1922 3   74.40   74.37   74.50   74.76   74.92   74.98   75.05   74.93   74.78   74.64   74.49   74.34
1922 4   74.37   74.37   74.54   74.89   74.95   75.01   75.02   74.87   74.75   74.60   74.44   74.32
1923 1   74.29   74.29   74.26   74.46   74.60   74.67   74.73   74.61   74.50   74.40   74.29   74.25
1923 2   74.32   74.29   74.32   74.54   74.60   74.72   74.72   74.60   74.49   74.37   74.28   74.29
1923 3   74.34   74.29   74.37   74.58   74.61   74.75   74.70   74.57   74.46   74.32   74.25   74.31
1923 4   74.32   74.28   74.43   74.58   74.67   74.73   74.66   74.55   74.43   74.29   74.23   74.29
1924 1   74.31   74.40   74.38   74.46   74.66   74.86   74.84   74.81   74.72   74.64   74.50   74.35
1924 2   74.32   74.41   74.40   74.52   74.70   74.86   74.82   74.79   74.67   74.63   74.46   74.34
1924 3   74.38   74.41   74.41   74.55   74.79   74.84   74.82   74.79   74.64   74.60   74.44   74.34
1924 4   74.38   74.43   74.41   74.63   74.84   74.84   74.81   74.75   74.60   74.55   74.40   74.29
1925 1   74.25   74.22   74.40   74.63   74.64   74.61   74.55   74.47   74.32   74.29   74.22   74.29
1925 2   74.28   74.23   74.47   74.64   74.67   74.61   74.54   74.47   74.34   74.28   74.22   74.32
1925 3   74.23   74.28   74.52   74.63   74.64   74.60   74.50   74.46   74.37   74.23   74.26   74.32
1925 4   74.23   74.31   74.60   74.67   74.64   74.57   74.50   74.40   74.34   74.22   74.31   74.32
1926 1   74.28   74.17   74.14   74.25   74.54   74.54   74.55   74.46   74.43   74.43   74.46   74.60
1926 2   74.22   74.17   74.15   74.35   74.57   74.54   74.52   74.47   74.43   74.46   74.47   74.60
1926 3   74.23   74.17   74.15   74.44   74.57   74.55   74.52   74.46   74.41   74.41   74.49   74.60
1926 4   74.20   74.15   74.18   74.49   74.57   74.55   74.50   74.44   74.41   74.41   74.58   74.58
1927 1   74.55   74.54   74.58   74.76   74.72   74.79   74.78   74.76   74.60   74.46   74.38   74.50
1927 2   74.54   74.52   74.60   74.76   74.72   74.79   74.75   74.72   74.57   74.47   74.37   74.58
1927 3   74.52   74.52   74.64   74.73   74.73   74.78   74.75   74.67   74.54   74.46   74.35   74.63
1927 4   74.52   74.52   74.72   74.73   74.76   74.78   74.75   74.61   74.49   74.41   74.43   74.69
1928 1   74.67   74.76   74.76   74.79   74.93   74.92   74.98   74.98   74.90   74.72   74.66   74.66
1928 2   74.76   74.73   74.72   74.84   74.95   74.93   74.98   74.98   74.84   74.69   74.64   74.67
1928 3   74.78   74.75   74.73   74.89   74.95   74.92   74.99   74.96   74.81   74.66   74.63   74.67
1928 4   74.78   74.76   74.75   74.92   74.93   74.93   74.98   74.93   74.73   74.69   74.67   74.69
1929 1   74.69   74.75   74.70   74.95   75.31   75.53   75.50   75.45   75.27   75.10   74.98   74.93
1929 2   74.66   74.75   74.73   75.10   75.40   75.51   75.50   75.39   75.22   75.08   74.95   74.89
1929 3   74.66   74.73   74.79   75.16   75.46   75.50   75.48   75.37   75.21   75.04   74.93   74.87
1929 4   74.75   74.70   74.89   75.24   75.51   75.50   75.43   75.31   75.14   74.99   74.93   74.89
1930 1   74.89   75.05   75.14   75.33   75.36   75.42   75.42   75.31   75.10   74.93   74.72   74.60
1930 2   74.92   75.08   75.21   75.36   75.37   75.39   75.40   75.27   75.04   74.87   74.67   74.58
1930 3   75.04   75.08   75.30   75.36   75.37   75.40   75.40   75.19   75.01   74.82   74.64   74.55
1930 4   75.07   75.10   75.33   75.36   75.40   75.40   75.37   75.13   74.96   74.78   74.61   74.50
1931 1   74.47   74.40   74.35   74.40   74.46   74.57   74.55   74.50   74.35   74.28   74.17   74.12
1931 2   74.47   74.38   74.35   74.43   74.47   74.60   74.55   74.46   74.35   74.25   74.15   74.12
1931 3   74.46   74.38   74.35   74.44   74.49   74.60   74.54   74.43   74.32   74.22   74.14   74.12
1931 4   74.44   74.37   74.35   74.46   74.54   74.58   74.52   74.40   74.31   74.20   74.15   74.12
1932 1   74.14   74.40   74.52   74.55   74.78   74.81   74.73   74.67   74.57   74.37   74.26   74.26
1932 2   74.20   74.41   74.54   74.64   74.79   74.79   74.73   74.67   74.50   74.37   74.26   74.26
1932 3   74.23   74.46   74.52   74.73   74.82   74.78   74.73   74.63   74.46   74.32   74.29   74.23
1932 4   74.32   74.52   74.52   74.76   74.81   74.75   74.69   74.60   74.41   74.29   74.29   74.22
1933 1   74.25   74.26   74.20   74.25   74.49   74.58   74.55   74.44   74.35   74.22   74.05   73.99
1933 2   74.26   74.25   74.18   74.32   74.54   74.60   74.54   74.40   74.32   74.17   74.02   73.99
1933 3   74.25   74.23   74.20   74.40   74.57   74.58   74.50   74.38   74.26   74.14   73.99   73.99
1933 4   74.26   74.22   74.23   74.47   74.58   74.57   74.47   74.37   74.23   74.09   73.97   73.97
1934 1   73.97   74.09   74.02   74.12   74.31   74.25   74.22   74.09   73.91   73.93   73.77   73.77
1934 2   74.05   74.11   74.09   74.18   74.32   74.22   74.18   74.05   73.90   73.88   73.77   73.77
1934 3   74.05   74.09   74.09   74.25   74.29   74.22   74.17   74.02   73.93   73.83   73.74   73.73
1934 4   74.08   74.08   74.09   74.31   74.29   74.23   74.12   73.99   73.93   73.82   73.77   73.74
1935 1   73.74   73.85   73.88   74.02   74.06   74.15   74.25   74.23   74.09   74.00   73.90   73.86
1935 2   73.76   73.85   73.90   74.02   74.11   74.17   74.25   74.20   74.08   73.97   73.91   73.86
1935 3   73.85   73.85   73.94   74.03   74.14   74.17   74.28   74.18   74.06   73.94   73.90   73.88
1935 4   73.88   73.88   73.99   74.05   74.12   74.25   74.26   74.15   74.03   73.91   73.88   73.90
1936 1   73.85   73.82   73.77   74.31   74.54   74.50   74.44   74.32   74.20   74.12   74.06   74.03
1936 2   73.85   73.80   73.80   74.41   74.55   74.50   74.41   74.26   74.17   74.12   74.09   74.02
1936 3   73.86   73.79   73.94   74.46   74.55   74.49   74.40   74.23   74.17   74.08   74.09   74.00
1936 4   73.85   73.76   74.14   74.52   74.52   74.47   74.35   74.22   74.14   74.08   74.05   74.00
1937 1   74.02   74.29   74.40   74.38   74.63   74.76   74.79   74.73   74.66   74.47   74.41   74.38
1937 2   74.06   74.32   74.41   74.43   74.67   74.76   74.78   74.72   74.61   74.44   74.38   74.38
1937 3   74.14   74.34   74.40   74.46   74.69   74.76   74.76   74.72   74.57   74.38   74.43   74.34
1937 4   74.23   74.35   74.40   74.55   74.75   74.79   74.75   74.67   74.50   74.40   74.40   74.35
1938 1   74.31   74.28   74.44   74.64   74.75   74.75   74.69   74.66   74.57   74.54   74.40   74.31
1938 2   74.29   74.34   74.50   74.66   74.75   74.73   74.66   74.66   74.52   74.49   74.37   74.31
1938 3   74.29   74.40   74.50   74.69   74.75   74.73   74.66   74.64   74.52   74.47   74.35   74.29
1938 4   74.28   74.43   74.58   74.73   74.75   74.72   74.66   74.63   74.54   74.44   74.34   74.25
1939 1   74.25   74.23   74.34   74.54   74.79   74.81   74.78   74.70   74.61   74.44   74.34   74.20
1939 2   74.25   74.23   74.40   74.61   74.81   74.79   74.78   74.67   74.57   74.43   74.32   74.20
1939 3   74.25   74.23   74.43   74.67   74.81   74.79   74.76   74.69   74.52   74.41   74.26   74.18
1939 4   74.23   74.28   74.44   74.75   74.81   74.78   74.70   74.66   74.46   74.37   74.23   74.18
1940 1   74.15   74.09   74.08   74.11   74.55   74.70   74.76   74.76   74.60   74.50   74.37   74.37
1940 2   74.15   74.08   74.11   74.29   74.60   74.72   74.76   74.72   74.57   74.49   74.38   74.38
1940 3   74.15   74.09   74.11   74.40   74.61   74.73   74.75   74.69   74.54   74.46   74.37   74.37
1940 4   74.14   74.08   74.11   74.50   74.64   74.73   74.76   74.63   74.50   74.41   74.37   74.40
1941 1   74.47   74.50   74.52   74.55   74.66   74.58   74.50   74.46   74.32   74.23   74.17   74.15
1941 2   74.50   74.50   74.52   74.61   74.64   74.57   74.49   74.43   74.32   74.22   74.20   74.15
1941 3   74.50   74.54   74.55   74.64   74.61   74.54   74.47   74.38   74.31   74.20   74.18   74.14
1941 4   74.49   74.55   74.54   74.67   74.60   74.52   74.44   74.35   74.26   74.20   74.17   74.14
1942 1   74.17   74.12   74.14   74.47   74.66   74.78   74.78   74.75   74.64   74.58   74.50   74.54
1942 2   74.18   74.17   74.17   74.55   74.67   74.81   74.76   74.73   74.63   74.55   74.50   74.52
1942 3   74.15   74.15   74.29   74.61   74.69   74.81   74.75   74.72   74.63   74.52   74.50   74.52
1942 4   74.14   74.15   74.44   74.64   74.73   74.79   74.75   74.69   74.60   74.50   74.50   74.50
1943 1   74.60   74.69   74.79   75.02   75.13   75.54   75.59   75.50   75.37   75.19   75.08   75.02
1943 2   74.64   74.70   74.82   75.05   75.21   75.59   75.57   75.46   75.36   75.13   75.08   74.99
1943 3   74.66   74.75   74.86   75.05   75.31   75.60   75.54   75.46   75.30   75.08   75.07   74.96
1943 4   74.66   74.73   74.96   75.08   75.43   75.60   75.53   75.43   75.24   75.07   75.04   74.92
1944 1   74.86   74.75   74.72   74.78   74.99   75.10   75.18   75.10   74.93   74.82   74.66   74.57
1944 2   74.84   74.72   74.69   74.76   75.04   75.10   75.14   75.04   74.92   74.78   74.61   74.54
1944 3   74.78   74.72   74.69   74.89   75.08   75.11   75.13   75.02   74.89   74.75   74.60   74.58
1944 4   74.76   74.70   74.72   74.93   75.10   75.14   75.11   74.98   74.87   74.70   74.57   74.55
1945 1   74.54   74.57   74.60   74.95   75.11   75.33   75.36   75.33   75.18   75.16   75.22   75.21
1945 2   74.52   74.57   74.69   75.02   75.18   75.34   75.34   75.30   75.13   75.24   75.21   75.22
1945 3   74.54   74.55   74.73   75.04   75.21   75.34   75.34   75.27   75.11   75.24   75.19   75.22
1945 4   74.57   74.55   74.86   75.05   75.30   75.36   75.34   75.21   75.13   75.22   75.19   75.18
1946 1   75.19   75.11   75.11   75.22   75.13   75.14   75.14   75.05   74.93   74.82   74.78   74.72
1946 2   75.18   75.13   75.21   75.21   75.11   75.16   75.13   75.02   74.87   74.76   74.78   74.69
1946 3   75.21   75.11   75.25   75.18   75.10   75.16   75.11   75.01   74.86   74.78   74.75   74.67
1946 4   75.18   75.13   75.25   75.14   75.14   75.16   75.10   74.98   74.84   74.76   74.73   74.67
1947 1   74.69   74.81   74.78   74.90   75.18   75.42   75.68   75.69   75.51   75.30   75.08   74.96
1947 2   74.69   74.86   74.79   75.04   75.24   75.60   75.66   75.63   75.48   75.24   75.05   74.95
1947 3   74.70   74.81   74.79   75.10   75.27   75.68   75.65   75.57   75.43   75.19   75.04   74.95
1947 4   74.72   74.79   74.81   75.14   75.34   75.69   75.66   75.56   75.37   75.13   74.99   74.92
1948 1   74.87   74.84   74.92   75.22   75.37   75.48   75.45   75.34   75.18   74.96   74.82   74.79
1948 2   74.90   74.84   74.95   75.27   75.40   75.48   75.43   75.28   75.13   74.92   74.82   74.78
1948 3   74.89   74.84   74.95   75.33   75.43   75.48   75.39   75.25   75.07   74.90   74.81   74.73
1948 4   74.86   74.87   75.11   75.36   75.48   75.46   75.36   75.22   75.02   74.87   74.82   74.72
1949 1   74.69   74.79   74.92   74.96   75.07   75.02   74.93   74.81   74.63   74.54   74.43   74.34
1949 2   74.73   74.81   74.93   75.02   75.08   74.99   74.90   74.75   74.61   74.52   74.38   74.32
1949 3   74.75   74.82   74.93   75.02   75.05   74.98   74.87   74.72   74.58   74.50   74.37   74.31
1949 4   74.78   74.90   74.95   75.07   75.05   74.96   74.84   74.64   74.57   74.47   74.37   74.37
1950 1   74.40   74.64   74.73   74.90   75.16   75.16   75.14   75.07   74.96   74.79   74.73   74.76
1950 2   74.47   74.64   74.73   75.07   75.16   75.16   75.11   75.04   74.90   74.76   74.75   74.81
1950 3   74.52   74.69   74.72   75.11   75.18   75.16   75.10   74.98   74.90   74.79   74.72   74.86
1950 4   74.57   74.73   74.78   75.14   75.18   75.14   75.07   74.95   74.86   74.76   74.73   74.86
1951 1   74.84   74.92   75.08   75.28   75.63   75.62   75.59   75.53   75.33   75.16   75.01   74.99
1951 2   74.87   74.95   75.14   75.37   75.63   75.60   75.60   75.45   75.28   75.13   74.99   75.01
1951 3   74.90   74.95   75.18   75.50   75.65   75.62   75.59   75.42   75.27   75.08   75.01   75.02
1951 4   74.92   75.04   75.21   75.56   75.63   75.60   75.57   75.36   75.22   75.04   74.99   75.02
1952 1   75.04   75.19   75.28   75.46   75.71   75.82   75.72   75.57   75.40   75.27   75.05   74.98
1952 2   75.07   75.25   75.31   75.60   75.69   75.80   75.68   75.53   75.34   75.22   75.01   74.96
1952 3   75.10   75.27   75.37   75.65   75.72   75.78   75.65   75.50   75.31   75.18   74.98   74.98
1952 4   75.16   75.30   75.43   75.68   75.78   75.74   75.63   75.45   75.31   75.10   74.99   74.99
1953 1   74.96   74.96   74.96   75.14   75.19   75.37   75.30   75.19   75.07   74.93   74.76   74.67
1953 2   74.95   74.96   74.98   75.16   75.25   75.37   75.27   75.16   75.04   74.87   74.69   74.67
1953 3   74.93   74.96   74.98   75.18   75.28   75.36   75.22   75.14   74.99   74.82   74.69   74.69
1953 4   74.98   74.96   75.01   75.19   75.36   75.33   75.21   75.08   74.98   74.79   74.67   74.69
1954 1   74.67   74.64   74.82   74.98   75.27   75.33   75.30   75.11   74.99   74.90   74.93   74.98
1954 2   74.66   74.63   74.90   75.04   75.34   75.33   75.24   75.08   74.96   74.89   74.95   74.93
1954 3   74.63   74.61   74.90   75.08   75.36   75.31   75.21   75.02   74.93   74.90   74.92   74.95
1954 4   74.61   74.75   74.92   75.19   75.34   75.31   75.14   74.99   74.92   74.93   74.92   74.95
1955 1   74.98   75.01   75.03   75.32   75.54   75.49   75.36   75.19   75.09   74.89   75.02   74.95
1955 2   75.06   75.01   75.10   75.41   75.54   75.46   75.33   75.13   75.03   74.89   75.00   74.94
1955 3   75.05   74.97   75.18   75.46   75.51   75.44   75.29   75.18   74.99   74.91   75.00   74.93
1955 4   75.03   75.00   75.28   75.51   75.48   75.40   75.23   75.13   74.93   74.99   74.96   74.88
1956 1   74.82   74.73   74.66   74.79   75.10   75.32   75.25   75.13   75.06   74.91   74.76   74.62
1956 2   74.80   74.70   74.74   74.89   75.18   75.34   75.22   75.09   75.05   74.88   74.73   74.63
1956 3   74.79   74.70   74.79   74.96   75.27   75.33   75.21   75.06   74.99   74.83   74.68   74.61
1956 4   74.76   74.68   74.79   75.04   75.30   75.28   75.18   75.03   74.96   74.79   74.66   74.59
1957 1   74.60   74.58   74.58   74.65   74.78   74.84   74.89   74.87   74.70   74.62   74.43   74.41
1957 2   74.56   74.58   74.58   74.68   74.75   74.84   74.90   74.85   74.69   74.55   74.42   74.36
1957 3   74.51   74.57   74.61   74.71   74.78   74.83   74.91   74.81   74.66   74.51   74.42   74.36
1957 4   74.53   74.55   74.65   74.73   74.83   74.83   74.89   74.74   74.68   74.47   74.39   74.42
1958 1   74.48   74.44   74.41   74.50   74.61   74.61   74.59   74.53   74.43   74.40   74.27   74.24
1958 2   74.45   74.43   74.45   74.55   74.61   74.61   74.56   74.51   74.41   74.35   74.26   74.22
1958 3   74.42   74.39   74.45   74.57   74.61   74.63   74.56   74.49   74.39   74.32   74.27   74.20
1958 4   74.42   74.36   74.47   74.59   74.62   74.58   74.54   74.45   74.43   74.30   74.25   74.18
1959 1   74.17   74.26   74.37   74.59   74.88   74.87   74.74   74.61   74.45   74.27   74.23   74.24
1959 2   74.15   74.26   74.43   74.76   74.87   74.85   74.75   74.55   74.41   74.31   74.23   74.29
1959 3   74.16   74.32   74.45   74.84   74.86   74.81   74.71   74.52   74.34   74.27   74.23   74.35
1959 4   74.21   74.33   74.52   74.85   74.87   74.77   74.67   74.47   74.28   74.23   74.23   74.36
1960 1   74.40   74.49   74.65   74.63   75.05   75.18   75.10   74.92   74.73   74.55   74.51   74.49
1960 2   74.42   74.51   74.63   74.81   75.08   75.18   75.06   74.86   74.67   74.51   74.50   74.47
1960 3   74.47   74.57   74.60   74.87   75.13   75.17   75.02   74.82   74.61   74.50   74.50   74.43
1960 4   74.49   74.62   74.59   74.99   75.16   75.13   74.97   74.78   74.57   74.50   74.50   74.41
1961 1   74.39   74.27   74.32   74.54   74.84   75.00   75.00   74.91   74.77   74.61   74.44   74.39
1961 2   74.38   74.24   74.40   74.57   74.90   75.02   75.00   74.87   74.75   74.58   74.41   74.41
1961 3   74.34   74.22   74.45   74.66   74.96   75.01   74.98   74.83   74.71   74.54   74.40   74.40
1961 4   74.30   74.21   74.49   74.76   75.00   75.01   74.94   74.79   74.65   74.47   74.41   74.40
1962 1   74.36   74.30   74.28   74.44   74.77   74.93   74.93   74.87   74.82   74.72   74.65   74.61
1962 2   74.35   74.27   74.26   74.55   74.83   74.94   74.89   74.89   74.75   74.73   74.62   74.63
1962 3   74.34   74.27   74.31   74.65   74.85   74.94   74.88   74.88   74.74   74.71   74.64   74.63
1962 4   74.31   74.27   74.36   74.71   74.89   74.94   74.87   74.84   74.71   74.69   74.61   74.60
1963 1   74.56   74.42   74.27   74.47   74.80   75.05   75.06   74.99   74.91   74.69   74.46   74.40
1963 2   74.54   74.37   74.26   74.60   74.86   75.06   75.05   74.99   74.86   74.64   74.42   74.37
1963 3   74.51   74.34   74.28   74.65   74.93   75.07   75.03   75.00   74.80   74.59   74.40   74.35
1963 4   74.46   74.30   74.33   74.75   75.00   75.07   75.02   74.96   74.74   74.54   74.40   74.31
1964 1   74.29   74.11   73.93   74.13   74.44   74.64   74.69   74.65   74.55   74.33   74.10   73.93
1964 2   74.25   74.08   73.98   74.21   74.49   74.67   74.69   74.59   74.50   74.27   74.04   73.88
1964 3   74.16   74.04   74.03   74.28   74.55   74.68   74.71   74.57   74.44   74.21   74.00   73.86
1964 4   74.13   73.99   74.07   74.36   74.60   74.68   74.68   74.58   74.38   74.16   73.96   73.84
1965 1   73.84   73.82   73.96   74.13   74.41   74.60   74.70   74.68   74.62   74.57   74.52   74.58
1965 2   73.85   73.83   74.02   74.16   74.47   74.63   74.74   74.68   74.62   74.56   74.51   74.60
1965 3   73.85   73.91   74.05   74.25   74.51   74.64   74.74   74.67   74.61   74.56   74.51   74.60
1965 4   73.83   73.92   74.11   74.35   74.56   74.66   74.71   74.65   74.60   74.55   74.56   74.59
1966 1   74.59   74.54   74.56   74.74   74.76   74.86   74.94   74.86   74.79   74.66   74.50   74.51
1966 2   74.59   74.52   74.64   74.75   74.76   74.89   74.94   74.83   74.77   74.63   74.50   74.54
1966 3   74.57   74.55   74.66   74.74   74.79   74.93   74.91   74.82   74.72   74.61   74.50   74.60
1966 4   74.58   74.55   74.70   74.75   74.83   74.94   74.89   74.82   74.71   74.56   74.48   74.61
1967 1   74.60   74.64   74.56   74.60   74.88   75.05   75.15   75.15   75.05   74.96   74.89   74.85
1967 2   74.60   74.63   74.54   74.73   74.92   75.07   75.16   75.14   75.00   74.92   74.89   74.80
1967 3   74.60   74.61   74.53   74.79   74.98   75.09   75.17   75.12   74.96   74.88   74.89   74.76
1967 4   74.58   74.59   74.54   74.85   75.04   75.12   75.15   75.08   74.94   74.91   74.88   74.76
1968 1   74.73   74.69   74.67   74.85   74.88   74.98   75.10   75.05   74.91   74.76   74.57   74.60
1968 2   74.70   74.72   74.65   74.92   74.87   75.01   75.12   75.04   74.89   74.71   74.55   74.64
1968 3   74.68   74.71   74.67   74.93   74.89   75.03   75.10   74.98   74.88   74.66   74.52   74.59
1968 4   74.66   74.68   74.76   74.90   74.94   75.04   75.08   74.97   74.83   74.62   74.54   74.60
1969 1   74.63   74.70   74.67   74.69   74.95   75.13   75.16   75.04   74.81   74.57   74.45   74.44
1969 2   74.62   74.72   74.63   74.75   74.97   75.16   75.12   75.00   74.75   74.53   74.46   74.43
1969 3   74.62   74.70   74.60   74.80   75.01   75.16   75.10   74.94   74.69   74.50   74.46   74.47
1969 4   74.64   74.69   74.62   74.90   75.10   75.16   75.04   74.88   74.63   74.49   74.46   74.46
1970 1   74.44   74.40   74.44   74.54   74.82   74.95   74.98   75.00   74.81   74.70   74.61   74.57
1970 2   74.43   74.43   74.45   74.64   74.85   74.94   74.98   74.96   74.77   74.66   74.56   74.57
1970 3   74.43   74.46   74.45   74.69   74.89   74.93   75.00   74.91   74.73   74.65   74.57   74.56
1970 4   74.41   74.44   74.48   74.77   74.93   74.94   75.01   74.86   74.71   74.62   74.55   74.57
1971 1   74.58   74.56   74.63   74.76   74.99   75.00   74.99   74.89   74.82   74.67   74.53   74.41
1971 2   74.59   74.55   74.68   74.80   75.02   75.00   74.97   74.85   74.78   74.64   74.47   74.40
1971 3   74.59   74.59   74.70   74.88   75.04   74.98   74.93   74.80   74.76   74.60   74.43   74.45
1971 4   74.56   74.59   74.76   74.95   75.02   74.97   74.91   74.80   74.72   74.55   74.41   74.47
1972 1   74.49   74.59   74.65   74.81   75.10   75.25   75.32   75.32   75.16   74.90   74.69   74.72
1972 2   74.51   74.61   74.68   74.84   75.19   75.25   75.33   75.30   75.09   74.85   74.71   74.75
1972 3   74.53   74.63   74.72   74.94   75.22   75.24   75.36   75.25   75.02   74.77   74.72   74.81
1972 4   74.58   74.65   74.78   75.06   75.24   75.28   75.36   75.21   74.93   74.72   74.69   74.86
1973 1   74.95   75.14   75.18   75.49   75.71   75.74   75.65   75.39   75.16   74.88   74.71   74.61
1973 2   75.01   75.23   75.22   75.64   75.72   75.74   75.60   75.33   75.09   74.85   74.65   74.61
1973 3   75.04   75.23   75.31   75.68   75.73   75.71   75.54   75.27   74.99   74.79   74.63   74.62
1973 4   75.09   75.22   75.44   75.69   75.74   75.66   75.45   75.21   74.95   74.72   74.61   74.63
1974 1   74.74   74.96   75.05   75.14   75.39   75.61   75.56   75.39   75.11   74.83   74.56   74.53
1974 2   74.79   75.01   75.11   75.24   75.41   75.59   75.57   75.33   75.02   74.75   74.53   74.52
1974 3   74.83   75.02   75.12   75.30   75.50   75.58   75.52   75.26   74.97   74.71   74.50   74.55
1974 4   74.87   75.03   75.13   75.36   75.58   75.58   75.43   75.19   74.88   74.61   74.54   74.55
1975 1   74.53   74.66   74.80   74.94   75.08   75.08   75.07   74.92   74.80   74.75   74.64   74.55
1975 2   74.53   74.69   74.82   74.99   75.12   75.10   75.02   74.87   74.74   74.72   74.62   74.54
1975 3   74.55   74.70   74.80   74.99   75.12   75.12   74.97   74.84   74.72   74.71   74.61   74.56
1975 4   74.58   74.72   74.89   75.05   75.09   75.11   74.96   74.79   74.72   74.69   74.58   74.57
1976 1   74.61   74.67   74.86   75.25   75.47   75.60   75.52   75.35   75.11   74.91   74.77   74.57
1976 2   74.59   74.65   75.01   75.35   75.52   75.57   75.46   75.28   75.04   74.86   74.74   74.55
1976 3   74.63   74.67   75.07   75.38   75.52   75.53   75.44   75.25   74.99   74.84   74.67   74.54
1976 4   74.63   74.77   75.14   75.41   75.59   75.50   75.39   75.17   74.95   74.81   74.60   74.54
1977 1   74.54   74.45   74.45   74.79   74.91   74.85   74.83   74.84   74.85   74.85   74.75   74.75
1977 2   74.52   74.44   74.50   74.85   74.91   74.83   74.87   74.86   74.80   74.86   74.76   74.77
1977 3   74.51   74.44   74.63   74.86   74.90   74.81   74.87   74.86   74.79   74.85   74.74   74.83
1977 4   74.49   74.44   74.73   74.89   74.88   74.82   74.85   74.86   74.81   74.81   74.75   74.94
1978 1   75.01   75.17   75.05   75.05   75.34   75.30   75.16   74.96   74.82   74.66   74.50   74.40
1978 2   75.03   75.16   74.98   75.16   75.32   75.27   75.10   74.93   74.75   74.61   74.47   74.42
1978 3   75.09   75.13   74.95   75.24   75.34   75.24   75.05   74.90   74.73   74.58   74.43   74.41
1978 4   75.11   75.09   74.99   75.32   75.33   75.20   75.00   74.87   74.71   74.54   74.42   74.44
1979 1   74.49   74.69   74.64   74.89   75.14   75.17   75.08   74.97   74.89   74.79   74.68   74.59
1979 2   74.54   74.68   74.72   75.01   75.17   75.15   75.05   74.96   74.86   74.79   74.62   74.58
1979 3   74.58   74.65   74.78   75.08   75.18   75.14   75.02   74.91   74.89   74.75   74.60   74.57
1979 4   74.63   74.62   74.82   75.11   75.16   75.10   74.98   74.89   74.85   74.73   74.58   74.55
1980 1   74.61   74.64   74.55   74.80   75.14   75.12   75.13   75.12   74.96   74.75   74.60   74.51
1980 2   74.54   74.63   74.53   74.90   75.15   75.13   75.11   75.11   74.93   74.70   74.58   74.53
1980 3   74.59   74.60   74.54   75.01   75.14   75.13   75.09   75.07   74.87   74.64   74.55   74.54
1980 4   74.61   74.58   74.68   75.07   75.14   75.13   75.12   75.01   74.82   74.58   74.51   74.54
1981 1   74.54   74.46   74.72   74.73   74.79   74.90   75.00   75.00   74.93   74.86   74.78   74.74
1981 2   74.53   74.44   74.76   74.72   74.80   74.91   75.01   75.00   74.97   74.83   74.77   74.69
1981 3   74.52   74.46   74.75   74.73   74.85   74.94   75.00   75.02   74.94   74.78   74.74   74.65
1981 4   74.49   74.57   74.73   74.75   74.87   74.99   74.99   74.96   74.90   74.75   74.76   74.61
1982 1   74.57   74.61   74.55   74.76   75.00   75.00   75.09   74.93   74.78   74.66   74.49   74.52
1982 2   74.56   74.60   74.54   74.86   75.00   75.06   75.06   74.89   74.72   74.62   74.53   74.53
1982 3   74.60   74.59   74.58   74.90   74.99   75.07   75.02   74.83   74.69   74.58   74.52   74.51
1982 4   74.60   74.58   74.68   74.97   74.99   75.08   74.97   74.79   74.66   74.53   74.51   74.52
1983 1   74.58   74.69   74.75   74.79   74.98   75.22   75.08   74.95   74.88   74.69   74.54   74.51
1983 2   74.60   74.76   74.75   74.81   75.09   75.21   75.04   74.94   74.83   74.68   74.51   74.56
1983 3   74.65   74.76   74.75   74.86   75.15   75.18   75.00   74.92   74.77   74.65   74.53   74.63
1983 4   74.67   74.77   74.78   74.92   75.21   75.13   74.95   74.89   74.74   74.59   74.54   74.68
1984 1   74.71   74.71   74.89   74.94   75.26   75.34   75.27   75.10   74.92   74.72   74.57   74.48
1984 2   74.73   74.69   74.89   75.05   75.29   75.33   75.24   75.05   74.84   74.65   74.54   74.47
1984 3   74.75   74.72   74.88   75.12   75.30   75.30   75.21   75.04   74.83   74.62   74.52   74.49
1984 4   74.72   74.82   74.90   75.20   75.32   75.29   75.17   74.97   74.77   74.59   74.49   74.49
1985 1   74.55   74.68   74.71   74.99   75.14   75.19   75.15   75.03   74.85   74.71   74.57   74.75
1985 2   74.64   74.65   74.80   75.07   75.18   75.17   75.13   74.97   74.86   74.66   74.63   74.76
1985 3   74.67   74.61   74.89   75.10   75.18   75.18   75.12   74.93   74.79   74.63   74.69   74.77
1985 4   74.71   74.58   74.93   75.13   75.18   75.18   75.08   74.88   74.75   74.61   74.73   74.81
1986 1   74.85   74.97   74.97   75.19   75.33   75.30   75.35   75.29   75.16   75.15   75.13   74.97
1986 2   74.86   74.99   74.97   75.26   75.29   75.30   75.33   75.28   75.08   75.17   75.09   75.02
1986 3   74.86   74.96   75.04   75.29   75.25   75.34   75.33   75.27   75.10   75.16   75.02   75.01
1986 4   74.96   74.98   75.14   75.33   75.30   75.36   75.31   75.21   75.11   75.14   74.98   75.01
1987 1   75.04   75.05   75.00   75.04   75.22   75.05   74.97   74.83   74.63   74.60   74.45   74.49
1987 2   74.99   75.06   75.00   75.19   75.17   75.04   74.95   74.79   74.61   74.55   74.44   74.51
1987 3   74.97   75.04   74.98   75.25   75.14   75.03   74.94   74.76   74.61   74.50   74.43   74.54
1987 4   74.99   75.03   74.96   75.24   75.09   74.98   74.90   74.69   74.62   74.47   74.41   74.56
1988 1   74.54   74.55   74.60   74.65   74.81   74.94   74.89   74.85   74.74   74.60   74.52   74.52
1988 2   74.52   74.57   74.58   74.73   74.83   74.93   74.85   74.82   74.70   74.59   74.54   74.49
1988 3   74.51   74.58   74.57   74.75   74.88   74.91   74.84   74.81   74.66   74.55   74.55   74.44
1988 4   74.54   74.59   74.56   74.76   74.93   74.91   74.86   74.75   74.65   74.54   74.54   74.42
1989 1   74.42   74.45   74.39   74.49   74.81   75.12   75.29   75.09   74.92   74.77   74.65   74.64
1989 2   74.41   74.44   74.37   74.65   74.92   75.17   75.24   75.07   74.88   74.71   74.64   74.60
1989 3   74.42   74.44   74.36   74.73   75.01   75.19   75.19   75.02   74.83   74.69   74.65   74.58
1989 4   74.43   74.41   74.40   74.78   75.07   75.29   75.14   74.97   74.82   74.67   74.66   74.55
1990 1   74.53   74.57   74.69   74.85   75.05   75.18   75.09   74.94   74.80   74.63   74.64   74.60
1990 2   74.52   74.57   74.68   74.93   75.05   75.17   75.05   74.89   74.75   74.62   74.63   74.62
1990 3   74.53   74.61   74.75   75.00   75.08   75.14   75.00   74.89   74.71   74.65   74.62   74.61
1990 4   74.56   74.64   74.84   75.04   75.18   75.11   74.97   74.84   74.65   74.66   74.61   74.68
1991 1   74.82   74.99   74.97   75.10   75.33   75.26   75.09   74.94   74.76   74.54   74.42   74.36
1991 2   74.88   75.00   75.08   75.10   75.33   75.22   75.10   74.90   74.69   74.52   74.36   74.38
1991 3   74.94   75.01   75.07   75.19   75.29   75.20   75.05   74.86   74.66   74.50   74.35   74.40
1991 4   74.99   75.00   75.07   75.29   75.25   75.14   75.02   74.82   74.59   74.46   74.34   74.39
1992 1   74.41   74.46   74.48   74.68   75.04   75.10   74.99   75.03   75.02   74.93   74.79   74.85
1992 2   74.42   74.44   74.51   74.74   75.12   75.10   74.97   75.05   75.01   74.87   74.81   74.85
1992 3   74.45   74.41   74.57   74.83   75.13   75.06   75.00   75.04   74.98   74.85   74.81   74.87
1992 4   74.47   74.47   74.58   74.96   75.11   75.02   75.04   75.00   74.97   74.83   74.83   74.87
1993 1   74.86   75.16   75.16   75.18   75.64   75.52   75.36   75.14   74.86   74.66   74.54   74.54
1993 2   74.98   75.15   75.15   75.28   75.64   75.50   75.30   75.08   74.82   74.63   74.52   74.58
1993 3   75.05   75.14   75.13   75.43   75.62   75.46   75.24   75.02   74.76   74.58   74.51   74.56
1993 4   75.12   75.17   75.12   75.56   75.58   75.42   75.18   74.94   74.68   74.58   74.50   74.56
1994 1   74.55   74.54   74.51   74.66   75.04   75.12   75.06   74.98   74.88   74.74   74.53   74.49
1994 2   74.58   74.52   74.50   74.77   75.08   75.10   75.06   74.94   74.82   74.68   74.57   74.50
1994 3   74.56   74.51   74.54   74.90   75.10   75.08   75.03   74.93   74.78   74.61   74.54   74.51
1994 4   74.53   74.50   74.58   74.98   75.11   75.04   75.00   74.90   74.72   74.56   74.51   74.50
1995 1   74.46   74.70   74.70   74.72   74.74   74.88   74.90   74.92   74.79   74.60   74.68   74.72
1995 2   74.44   74.73   74.70   74.68   74.76   74.91   74.90   74.92   74.76   74.64   74.66   74.66
1995 3   74.49   74.72   74.72   74.68   74.81   74.91   74.90   74.90   74.71   74.64   74.72   74.66
1995 4   74.65   74.72   74.74   74.70   74.84   74.90   74.92   74.86   74.65   74.68   74.72   74.64
1996 1   74.60   74.74   74.79   74.76   74.98   75.22   75.22   75.10   74.86   74.81   74.70   74.70
1996 2   74.56   74.74   74.78   74.75   75.02   75.24   75.18   75.06   74.84   74.74   74.72   74.72
1996 3   74.55   74.75   74.76   74.80   75.14   75.24   75.14   75.00   74.84   74.70   74.74   74.73
1996 4   74.67   74.76   74.76   74.89   75.24   75.24   75.12   74.94   74.81   74.74   74.72   74.75
1997 1   74.78   74.89   74.94   75.08   75.24   75.34   75.26   75.10   74.96   74.83   74.65   74.61
1997 2   74.78   74.92   74.99   75.14   75.30   75.32   75.23   75.04   74.88   74.80   74.66   74.61
1997 3   74.81   74.88   75.03   75.18   75.36   75.28   75.20   75.01   74.86   74.76   74.64   74.59
1997 4   74.85   74.88   75.02   75.20   75.37   75.28   75.16   74.98   74.82   74.68   74.61   74.58
1998 1   74.58   75.02   75.10   75.24   75.42   75.26   75.19   75.04   74.86   74.62   74.40   74.31
1998 2   74.68   75.04   75.14   75.42   75.38   75.20   75.20   74.98   74.80   74.56   74.35   74.31
1998 3   74.86   75.04   75.15   75.44   75.38   75.18   75.16   74.92   74.74   74.52   74.33   74.28
1998 4   74.96   75.08   75.16   75.46   75.32   75.15   75.12   74.86   74.66   74.46   74.32   74.28
1999 1   74.26   74.40   74.44   74.56   74.68   74.76   74.78   74.80   74.64   74.54   74.42   74.45
1999 2   74.30   74.44   74.50   74.60   74.70   74.78   74.83   74.77   74.64   74.47   74.44   74.46
1999 3   74.31   74.44   74.48   74.64   74.70   74.78   74.82   74.72   74.59   74.48   74.42   74.49
1999 4   74.34   74.44   74.52   74.67   74.71   74.76   74.80   74.69   74.54   74.46   74.42   74.48
2000 1   74.48   74.48   74.50   74.65   74.96   75.20   75.32   75.15   74.94   74.70   74.50   74.46
2000 2   74.50   74.44   74.54   74.75   74.99   75.20   75.28   75.11   74.84   74.66   74.47   74.44
2000 3   74.52   74.45   74.60   74.82   75.12   75.28   75.25   75.08   74.82   74.62   74.46   74.46
2000 4   74.50   74.44   74.62   74.92   75.19   75.30   75.20   75.01   74.77   74.56   74.44   74.50
2001 1   74.50   74.50   74.60   74.72   74.92   74.98   75.00   74.90   74.74   74.56   74.50   74.50
2001 2   74.50   74.50   74.62   74.78   74.92   74.98   74.99   74.86   74.68   74.54   74.48   74.51
2001 3   74.50   74.58   74.64   74.86   74.91   75.00   74.98   74.82   74.61   74.52   74.47   74.52
2001 4   74.48   74.58   74.68   74.91   74.94   75.01   74.95   74.78   74.56   74.51   74.46   74.54
2002 1   74.54   74.60   74.73   74.84   75.10   75.32   75.32   75.08   74.76   74.58   74.40   74.34
2002 2   74.54   74.64   74.78   74.92   75.14   75.30   75.26   74.97   74.68   74.53   74.37   74.31
2002 3   74.56   74.68   74.79   75.00   75.24   75.34   75.18   74.92   74.64   74.48   74.36   74.31
2002 4   74.58   74.71   74.80   75.04   75.29   75.34   75.13   74.84   74.58   74.45   74.34   74.30
2003 1   74.33   74.30   74.29   74.55   74.81   75.08   75.10   75.02   74.87   74.69   74.62   74.70
2003 2   74.34   74.30   74.29   74.69   74.88   75.12   75.06   75.02   74.78   74.66   74.62   74.70
2003 3   74.36   74.30   74.29   74.74   74.95   75.14   75.05   75.02   74.75   74.62   74.62   74.72
2003 4   74.32   74.26   74.40   74.79   75.01   75.12   75.04   74.95   74.70   74.60   74.66   74.74
2004 1   74.79   74.82   74.66   74.78   74.96   75.14   75.11   75.12   74.94   74.86   74.56   74.48
2004 2   74.84   74.80   74.72   74.85   75.00   75.16   75.10   75.06   74.94   74.76   74.54   74.52
2004 3   74.84   74.74   74.73   74.89   75.02   75.16   75.10   75.02   75.00   74.69   74.48   74.56
2004 4   74.84   74.72   74.72   74.94   75.06   75.13   75.10   74.95   74.93   74.64   74.45   74.57
2005 1   74.60   74.82   74.88   74.83   75.13   75.05   74.99   74.88   74.76   74.64   74.57   74.60
2005 2   74.68   74.82   74.86   75.02   75.14   75.02   74.95   74.83   74.71   74.62   74.56   74.58
2005 3   74.74   74.84   74.84   75.05   75.12   75.02   74.94   74.79   74.68   74.60   74.60   74.56
2005 4   74.80   74.89   74.82   75.08   75.08   75.00   74.92   74.74   74.64   74.58   74.58   74.51
2006 1   74.54   74.78   74.86   74.81   74.84   74.88   74.92   75.03   74.84   74.76   74.80   74.80
2006 2   74.57   74.86   74.80   74.84   74.81   74.89   74.94   75.00   74.83   74.72   74.78   74.83
2006 3   74.60   74.88   74.84   74.84   74.84   74.88   75.00   74.94   74.82   74.70   74.78   74.82
2006 4   74.70   74.88   74.82   74.84   74.86   74.88   75.00   74.90   74.79   74.76   74.80   74.82
2007 1   74.86   75.04   74.88   74.92   75.08   75.02   74.91   74.81   74.62   74.49   74.36   74.28
2007 2   74.94   75.02   74.82   74.97   75.06   75.02   74.87   74.78   74.60   74.46   74.34   74.28
2007 3   75.00   74.99   74.82   75.00   75.05   74.98   74.86   74.72   74.56   74.42   74.30   74.30
2007 4   75.03   74.92   74.86   75.06   75.04   74.96   74.84   74.64   74.50   74.40   74.29   74.34
2008 1   74.44   74.64   74.80   74.96   75.32   75.23   75.16   75.14   74.94   74.70   74.54   74.52
2008 2   74.49   74.73   74.84   75.07   75.34   75.20   75.12   75.10   74.86   74.64   74.52   74.52
2008 3   74.60   74.76   74.86   75.22   75.31   75.20   75.10   75.08   74.84   74.60   74.50   74.52
2008 4   74.62   74.80   74.92   75.28   75.28   75.16   75.14   75.02   74.74   74.54   74.49   74.56
2009 1   74.70   74.78   74.86   74.98   75.18   75.21   75.15   75.10   74.94   74.66   74.56   74.47
2009 2   74.76   74.77   74.88   75.10   75.19   75.17   75.14   75.05   74.86   74.65   74.53   74.51
2009 3   74.77   74.84   74.94   75.13   75.20   75.14   75.10   75.04   74.78   74.60   74.49   74.50
2009 4   74.79   74.86   74.96   75.15   75.19   75.15   75.10   75.01   74.70   74.56   74.48   74.46
2010 1   74.50   74.57   74.52   74.64   74.65   74.74   74.96   74.98   74.82   74.64   74.56   74.50
2010 2   74.50   74.56   74.48   74.67   74.70   74.80   74.94   74.93   74.78   74.64   74.52   74.54
2010 3   74.49   74.54   74.55   74.67   74.72   74.84   74.96   74.92   74.70   74.62   74.48   74.54
2010 4   74.50   74.50   74.60   74.66   74.74   74.89   74.99   74.87   74.66   74.58   74.48   74.52
2011 1   74.48   74.46   74.41   74.74   75.05   75.38   75.26   75.03   74.86   74.70   74.65   74.58
2011 2   74.50   74.44   74.50   74.78   75.16   75.38   75.20   74.98   74.82   74.66   74.60   74.60
2011 3   74.49   74.40   74.64   74.82   75.22   75.34   75.14   74.94   74.76   74.65   74.58   74.62
2011 4   74.49   74.38   74.73   74.94   75.31   75.30   75.08   74.90   74.71   74.67   74.54   74.64
2012 1   74.70   74.96   74.98   74.97   74.90   74.90   74.86   74.72   74.54   74.40   74.32   74.24
2012 2   74.72   75.00   74.96   74.94   74.93   74.90   74.82   74.69   74.56   74.36   74.30   74.24
2012 3   74.78   74.99   74.96   74.92   74.93   74.92   74.78   74.68   74.52   74.32   74.30   74.26
2012 4   74.86   74.98   74.98   74.90   74.91   74.90   74.74   74.60   74.46   74.31   74.26   74.31
2013 1   74.33   74.46   74.56   74.60   74.85   74.94   75.16   75.08   74.90   74.68   74.63   74.56
2013 2   74.33   74.51   74.54   74.61   74.86   75.04   75.16   75.05   74.84   74.66   74.62   74.52
2013 3   74.38   74.52   74.58   74.74   74.88   75.13   75.14   75.00   74.78   74.64   74.59   74.50
2013 4   74.42   74.52   74.59   74.81   74.89   75.16   75.13   74.94   74.74   74.62   74.58   74.56
2014 1   74.60   74.64   74.58   74.56   75.06   75.18   75.16   75.03   74.88   74.66   74.53   74.44
2014 2   74.61   74.63   74.54   74.71   75.10   75.16   75.14   75.00   74.83   74.62   74.50   74.44
2014 3   74.66   74.60   74.54   74.86   75.15   75.18   75.10   74.97   74.78   74.58   74.46   74.45
2014 4   74.68   74.60   74.54   74.98   75.20   75.16   75.04   74.92   74.72   74.56   74.44   74.48
2015 1   74.50   74.55   74.42   74.44   74.77   74.87   75.20   75.17   75.00   74.80   74.61   74.50
2015 2   74.56   74.54   74.40   74.54   74.78   74.94   75.22   75.13   74.95   74.71   74.58   74.47 
2015 3   74.58   74.51   74.38   74.64   74.82   75.02   75.21   75.12   74.92   74.68   74.57   74.46
2015 4   74.56   74.47   74.41   74.74   74.83   75.12   75.20   75.09   74.85   74.62   74.52   74.47
2016 1   74.53   74.72   74.92   75.04   75.12   75.04   74.99   74.89   74.80   74.60   74.51   74.46
2016 2   74.56   74.78   74.92   75.10   75.11   75.04   74.96   74.84   74.75   74.56   74.51   74.46
2016 3   74.64   74.80   74.98   75.14   75.09   75.02   74.96   74.84   74.70   74.50   74.48   74.46
2016 4   74.68   74.84   75.00   75.13   75.06   75.00   74.92   74.83   74.65   74.52   74.45   74.45
2017 1   74.49   74.75   74.92   75.08   75.52   75.87   75.78   75.58   75.23   74.94  -9999.  -9999.
2017 2   74.56   74.77   74.98   75.28   75.77   75.84   75.74   75.52   75.15  -9999.  -9999.  -9999.
2017 3   74.62   74.83   75.00   75.37   75.85   75.80   75.70   75.44   75.08  -9999.  -9999.  -9999.
2017 4   74.69   74.86   75.02   75.47   75.86   75.80   75.66   75.36   75.00  -9999.  -9999.  -9999.