#LAKE ST. CLAIR BEGINNING OF MONTH LEVELS (METRES 1985 DATUM)
# FORTRAN FORMAT I4 12F8.2
#,             1900         ,              2017
UNITS:m
INTERVAL:m
###.##
1900  174.74  174.69  174.73  174.85  174.90  174.94  174.95  175.01  174.99  174.93  174.85  174.84
1901  174.84  174.41  174.39  174.69  174.21  174.91  174.94  174.98  174.99  174.87  174.81  174.73
1902  174.84  174.23  174.41  174.64  174.76  174.91  175.04  175.16  175.02  174.93  174.86  174.70
1903  174.87  174.91  174.65  174.91  175.03  175.14  175.08  175.10  175.08  175.01  174.91  174.81
1904  174.89  174.60  174.84  175.16  175.15  175.26  175.21  175.24  175.21  175.09  175.02  174.87
1905  174.83  174.50  174.52  174.97  174.91  175.07  175.19  175.21  175.17  175.10  174.97  174.94
1906  174.84  174.87  174.56  174.82  174.90  174.96  175.04  175.10  175.02  175.01  174.94  174.82
1907  174.58  174.96  174.79  174.98  175.02  175.16  175.17  175.16  175.11  175.11  175.01  174.85
1908  174.98  174.55  174.75  175.08  175.08  175.25  175.28  175.28  175.16  175.01  174.91  174.69
1909  174.66  174.66  174.52  174.78  175.01  175.16  175.19  175.20  175.08  174.91  174.79  174.84
1910  175.30  174.55  174.69  174.79  174.98  174.93  175.02  174.99  174.94  174.84  174.73  174.62
1911  174.50  174.24  174.26  174.62  174.73  174.81  174.85  174.81  174.78  174.75  174.64  174.56
1912  174.59  174.61  174.76  174.80  174.88  174.96  174.97  174.91  174.92  174.87  174.80  174.68
1913  174.71  174.76  174.52  175.16  175.18  175.21  175.19  175.14  175.04  174.91  174.82  174.86
1914  174.76  174.45  174.65  174.79  174.83  174.97  174.96  174.96  174.90  174.82  174.69  174.62
1915  174.80  174.40  174.44  174.51  174.58  174.69  174.72  174.78  174.79  174.81  174.62  174.50
1916  174.60  174.76  174.51  174.76  174.87  175.09  175.11  175.09  174.96  174.88  174.77  174.70
1917  175.19  174.74  174.73  174.85  174.89  175.15  175.27  175.29  175.23  175.05  174.98  174.98
1918  174.78  174.53  174.76  174.67  174.62  175.03  175.03  175.10  175.03  175.00  174.90  174.79
1919  174.89  174.87  174.69  174.99  175.07  175.23  175.23  175.14  175.03  174.93  174.88  174.63
1920  174.21  174.21  174.24  174.59  174.83  174.87  174.95  174.98  174.96  174.84  174.75  174.75
1921  174.92  174.68  174.39  174.87  175.00  175.02  175.00  174.90  174.82  174.67  174.72  174.62
1922  174.64  174.44  174.30  174.78  174.88  174.95  174.99  174.96  174.90  174.82  174.68  174.48
1923  174.53  174.25  174.36  174.41  174.58  174.75  174.77  174.77  174.67  174.66  174.51  174.42
1924  174.50  174.41  174.30  174.46  174.63  174.72  174.80  174.81  174.76  174.66  174.51  174.32
1925  174.30  174.18  174.16  174.44  174.46  174.40  174.45  174.45  174.37  174.37  174.23  174.21
1926  173.97  173.87  173.90  174.17  174.37  174.38  174.47  174.52  174.50  174.58  174.48  174.52
1927  174.51  174.08  173.89  174.59  174.62  174.78  174.76  174.84  174.70  174.59  174.52  174.60
1928  174.57  174.52  174.24  174.67  174.70  174.80  174.97  174.98  174.91  174.84  174.87  174.85
1929  174.83  174.94  175.13  175.04  175.39  175.44  175.43  175.46  175.32  175.28  175.11  174.92
1930  174.68  174.98  175.26  175.18  175.23  175.21  175.22  175.17  175.08  174.97  174.84  174.66
1931  174.63  174.22  174.01  174.28  174.59  174.62  174.64  174.65  174.51  174.48  174.38  174.31
1932  174.49  174.41  174.53  174.32  174.54  174.67  174.54  174.58  174.52  174.45  174.38  174.37
1933  174.47  174.38  174.31  174.51  174.64  174.70  174.72  174.61  174.57  174.46  174.37  174.27
1934  174.32  173.97  174.02  174.00  174.35  174.34  174.38  174.37  174.25  174.26  174.11  174.06
1935  174.32  173.95  173.94  174.30  174.31  174.41  174.47  174.44  174.41  174.31  174.30  174.18
1936  174.02  173.95  174.27  174.41  174.48  174.49  174.49  174.41  174.34  174.46  174.31  174.26
1937  174.28  174.45  174.30  174.38  174.81  174.69  174.79  174.76  174.67  174.56  174.41  174.28
1938  174.35  174.18  174.35  174.61  174.67  174.78  174.80  174.83  174.75  174.78  174.68  174.55
1939  174.76  174.31  174.25  174.64  174.83  174.84  174.89  174.88  174.82  174.79  174.67  174.59
1940  174.55  174.20  174.22  174.46  174.59  174.77  174.79  174.81  174.77  174.74  174.60  174.51
1941  174.71  174.19  174.27  174.48  174.62  174.68  174.66  174.64  174.54  174.47  174.44  174.49
1942  174.42  174.28  173.93  174.65  174.77  174.92  174.96  174.98  174.90  174.87  174.77  174.70
1943  174.89  174.48  174.71  174.90  175.05  175.26  175.33  175.38  175.30  175.22  175.14  175.06
1944  174.82  174.71  174.61  174.89  175.10  175.15  175.19  175.09  175.00  175.05  174.91  174.79
1945  174.85  174.45  174.67  174.93  175.02  175.20  175.26  175.26  175.15  175.23  175.11  175.05
1946  175.11  174.51  174.55  175.12  175.06  175.17  175.23  175.19  175.06  174.97  174.92  174.79
1947  174.76  174.67  174.55  174.89  175.13  175.29  175.33  175.31  175.29  175.16  175.14  174.92
1948  174.98  174.87  174.94  175.15  175.19  175.26  175.25  175.17  175.11  174.98  174.85  174.79
1949  174.90  174.83  174.83  174.94  174.87  174.91  174.94  174.92  174.74  174.68  174.56  174.47
1950  174.60  174.77  174.52  174.93  175.10  175.04  175.06  175.06  175.04  174.98  174.91  174.91
1951  174.90  174.81  175.06  175.21  175.34  175.37  175.41  175.42  175.39  175.30  175.28  175.27
1952  175.50  175.28  175.46  175.48  175.62  175.71  175.71  175.65  175.62  175.52  175.30  175.23
1953  175.24  175.27  175.23  175.33  175.41  175.49  175.52  175.52  175.48  175.35  175.26  175.13
1954  175.04  174.61  175.07  175.26  175.40  175.35  175.43  175.40  175.34  175.31  175.38  175.28
1955  175.36  175.19  175.34  175.42  175.45  175.43  175.43  175.39  175.28  175.17  175.05  174.90
1956  174.93  174.14  174.43  174.89  175.18  175.21  175.24  175.26  175.26  175.12  174.99  174.82
1957  174.83  174.53  174.80  174.85  175.04  175.08  175.04  175.12  175.02  174.96  174.84  174.73
1958  174.84  174.19  174.46  174.52  174.72  174.75  174.78  174.83  174.77  174.72  174.63  174.45
1959  174.38  174.26  174.35  174.73  174.81  174.89  174.86  174.82  174.82  174.74  174.67  174.64
1960  174.77  174.44  174.70  174.95  174.99  175.15  175.24  175.26  175.25  175.18  175.01  174.84
1961  174.87  174.67  174.92  174.93  175.19  175.15  175.15  175.16  175.10  175.01  174.87  174.82
1962  174.88  174.40  174.56  174.88  174.89  174.91  174.95  174.91  174.87  174.82  174.70  174.66
1963  174.75  174.41  174.40  174.74  174.72  174.73  174.72  174.69  174.63  174.55  174.45  174.38
1964  174.41  174.08  174.05  174.41  174.56  174.58  174.53  174.52  174.50  174.42  174.32  174.21
1965  174.28  174.01  174.16  174.52  174.62  174.68  174.67  174.65  174.67  174.62  174.56  174.52
1966  174.71  174.56  174.55  174.77  174.91  174.92  174.95  174.90  174.84  174.69  174.61  174.61
1967  174.75  174.81  174.70  174.88  174.97  175.05  175.16  175.11  175.05  174.96  174.92  174.85
1968  175.01  174.99  174.94  175.07  175.04  175.19  175.28  175.23  175.17  175.11  175.00  175.05
1969  175.07  175.19  175.10  175.14  175.31  175.42  175.47  175.56  175.46  175.33  175.23  175.15
1970  174.82  174.97  174.95  175.15  175.21  175.28  175.33  175.35  175.28  175.26  175.19  175.15
1971  175.21  174.89  175.19  175.27  175.32  175.40  175.43  175.41  175.41  175.34  175.24  175.17
1972  175.22  175.26  175.13  175.26  175.37  175.48  175.54  175.56  175.55  175.53  175.50  175.48
1973  175.56  175.61  175.53  175.76  175.73  175.79  175.89  175.81  175.74  175.65  175.50  175.49
1974  175.56  175.63  175.58  175.66  175.73  175.78  175.79  175.73  175.67  175.50  175.42  175.47
1975  175.41  175.50  175.53  175.55  175.59  175.62  175.69  175.61  175.69  175.55  175.42  175.30
1976  175.44  175.20  175.54  175.59  175.68  175.68  175.67  175.72  175.55  175.44  175.29  175.08
1977  174.99  175.14  175.05  175.23  175.33  175.27  175.20  175.20  175.20  175.29  175.11  175.08
1978  175.43  175.32  175.26  175.26  175.36  175.38  175.39  175.32  175.26  175.22  175.16  175.03
1979  175.10  175.09  175.19  175.23  175.38  175.49  175.50  175.50  175.49  175.43  175.31  175.29
1980  175.44  175.33  175.28  175.48  175.51  175.48  175.51  175.55  175.51  175.43  175.26  175.16
1981  174.94  175.10  175.31  175.18  175.37  175.37  175.47  175.46  175.39  175.44  175.37  175.26
1982  175.21  175.26  175.21  175.35  175.38  175.40  175.42  175.37  175.29  175.25  175.14  175.23
1983  175.31  175.21  175.27  175.34  175.46  175.55  175.64  175.65  175.55  175.43  175.35  175.24
1984  175.54  175.26  175.54  175.42  175.08  175.57  175.61  175.58  175.54  175.52  175.44  175.34
1985  175.52  175.50  175.75  175.78  175.81  175.79  175.78  175.76  175.69  175.58  175.62  175.76
1986  175.87  175.71  175.73  175.79  175.80  175.86  175.93  175.92  175.85  175.96  175.90  175.86
1987  175.78  175.80  175.66  175.64  175.67  175.65  175.66  175.62  175.55  175.44  175.36  175.29
1988  175.25  175.24  175.26  175.30  175.33  175.31  175.27  175.22  175.14  175.05  174.96  174.97
1989  175.02  175.01  174.81  175.05  175.12  175.24  175.37  175.33  175.21  175.13  174.95  174.90
1990  174.97  174.92  175.09  175.07  175.09  175.20  175.25  175.26  175.24  175.16  175.11  175.01
1991  175.32  175.14  175.16  175.20  175.30  175.40  175.37  175.30  175.30  175.09  175.05  174.95
1992  175.02  175.03  175.04  175.11  175.28  175.26  175.26  175.40  175.33  175.33  175.24  175.26
1993  175.30  175.30  175.27  175.50  175.45  175.41  175.58  175.54  175.49  175.36  175.28  175.23
1994  175.28  175.17  175.01  175.28  175.40  175.35  175.50  175.48  175.44  175.37  175.25  175.05
1995  175.14  175.21  174.99  175.14  175.26  175.30  175.35  175.34  175.29  175.11  175.06  175.06
1996  174.82  174.99  175.10  175.04  175.16  175.34  175.50  175.50  175.44  175.52  175.31  175.31
1997  175.43  175.51  175.69  175.67  175.57  175.74  175.82  175.80  175.74  175.60  175.45  175.40
1998  175.31  175.44  175.46  175.56  175.63  175.59  175.59  175.52  175.43  175.28  175.12  174.93
1999  174.89  175.03  175.00  174.95  175.10  175.04  175.16  175.10  175.04  174.90  174.76  174.70
2000  174.70  174.46  174.66  174.67  174.79  174.90  175.04  175.07  174.98  174.87  174.75  174.66
2001  174.93  174.60  174.72  174.68  174.76  174.86  174.91  174.84  174.80  174.74  174.71  174.76
2002  174.70  174.79  174.75  174.82  174.95  175.05  175.12  175.08  175.03  174.90  174.74  174.62
2003  174.63  174.56  174.35  174.64  174.74  174.91  174.90  174.92  174.89  174.72  174.64  174.65
2004  174.73  174.63  174.66  174.90  174.86  175.09  175.12  175.15  175.12  175.00  174.84  174.80
2005  174.95  174.96  175.00  175.00  175.14  175.06  175.04  175.00  174.96  174.88  174.71  174.64
2006  174.74  174.76  174.78  174.81  174.89  174.97  174.99  175.04  175.05  174.85  174.88  174.87
2007  174.89  174.93  174.68  174.99  175.04  174.98  174.98  174.90  174.91  174.76  174.60  174.50
2008  174.59  174.72  174.78  174.89  174.99  174.98  175.13  175.09  175.00  174.95  174.76  174.75
2009  175.04  174.88  175.00  175.06  175.23  175.22  175.26  175.21  175.18  175.04  174.92  174.88
2010  174.88  174.77  174.56  174.80  174.90  175.00  175.10  175.10  174.98  174.94  174.78  174.65
2011  174.62  174.36  174.24  174.78  175.07  175.24  175.22  175.20  175.11  175.08  174.98  175.23
2012  175.02  175.04  174.98  175.03  174.97  175.00  174.97  174.89  174.79  174.68  174.69  174.54
2013  174.50  174.55  174.66  174.62  174.82  174.90  175.10  175.04  175.01  174.90  174.79  174.76
2014  174.84  174.58  174.77  174.86  175.01  175.19  175.24  175.26  175.22  175.23  175.23  175.16
2015  175.08  174.70  174.72  175.12  175.20  175.39  175.60  175.50  175.44  175.44  175.15  175.16
2016  175.18  175.16  175.24  175.47  175.50  175.50  175.51  175.50  175.48  175.46  175.26  175.10
2017  175.11  175.20  175.26  175.44  175.51  175.63  175.67  175.70  175.68  175.54  -9999.  -9999.