#LAKE ST. CLAIR MONTHLY OUTFLOWS (10M^3/S) Coordinated Sep 2010
# FORTRAN FORMAT  I4 12F8.
#,             1900         ,              2017 
UNITS:10m3s
INTERVAL:m
#####.
1900    430.    416.    419.    527.    530.    538.    549.    555.    555.    558.    564.    538.
1901    496.    402.    450.    362.    501.    564.    578.    580.    569.    561.    558.    541.
1902    425.    439.    510.    510.    530.    549.    572.    561.    547.    532.    532.    532.
1903    428.    408.    513.    544.    544.    558.    569.    552.    558.    561.    555.    569.
1904    453.    467.    459.    566.    569.    578.    583.    589.    583.    580.    575.    555.
1905    382.    442.    487.    552.    572.    589.    600.    600.    592.    595.    580.    569.
1906    549.    422.    479.    541.    583.    592.    595.    589.    575.    566.    569.    524.
1907    479.    433.    498.    569.    580.    575.    592.    592.    589.    583.    569.    555.
1908    433.    413.    501.    566.    580.    592.    600.    600.    572.    572.    552.    538.
1909    498.    374.    425.    544.    558.    558.    561.    555.    552.    547.    538.    498.
1910    470.    391.    496.    527.    549.    541.    532.    530.    527.    532.    527.    493.
1911    382.    391.    464.    490.    513.    521.    521.    524.    513.    518.    515.    504.
1912    396.    394.    459.    498.    527.    544.    549.    549.    555.    561.    566.    558.
1913    530.    419.    456.    569.    572.    569.    575.    569.    558.    569.    566.    541.
1914    470.    442.    456.    515.    544.    544.    544.    555.    552.    544.    549.    530.
1915    377.    450.    453.    510.    524.    521.    527.    532.    524.    521.    521.    504.
1916    504.    433.    394.    518.    555.    549.    564.    578.    566.    564.    564.    558.
1917    450.    453.    535.    572.    583.    583.    597.    609.    580.    589.    583.    487.
1918    433.    479.    487.    515.    620.    623.    617.    609.    606.    583.    595.    572.
1919    578.    532.    555.    578.    583.    569.    569.    578.    569.    561.    566.    549.
1920    348.    396.    479.    547.    544.    566.    575.    572.    572.    569.    547.    515.
1921    532.    371.    524.    530.    538.    541.    541.    535.    524.    532.    507.    518.
1922    450.    396.    470.    510.    515.    552.    549.    547.    538.    532.    530.    507.
1923    416.    385.    445.    487.    493.    527.    521.    521.    518.    518.    510.    462.
1924    453.    345.    433.    450.    481.    507.    507.    513.    513.    504.    490.    442.
1925    405.    374.    433.    439.    453.    473.    473.    467.    456.    462.    453.    430.
1926    323.    317.    374.    433.    464.    459.    462.    464.    462.    470.    470.    464.
1927    337.    357.    405.    479.    487.    504.    510.    504.    496.    501.    498.    490.
1928    453.    391.    379.    498.    532.    532.    541.    552.    558.    569.    569.    569.
1929    510.    464.    572.    617.    646.    640.    643.    631.    612.    592.    597.    535.
1930    470.    476.    566.    572.    578.    572.    586.    578.    566.    564.    527.    510.
1931    436.    328.    345.    496.    493.    493.    498.    484.    479.    481.    484.    473.
1932    456.    464.    379.    447.    470.    470.    473.    470.    459.    450.    445.    453.
1933    436.    377.    422.    453.    459.    481.    470.    459.    447.    442.    442.    416.
1934    334.    343.    405.    445.    445.    447.    450.    453.    450.    450.    439.    445.
1935    396.    445.    411.    453.    470.    453.    473.    473.    467.    462.    459.    402.
1936    396.    377.    425.    459.    476.    490.    487.    479.    487.    487.    476.    456.
1937    467.    368.    450.    473.    481.    467.    464.    464.    462.    473.    467.    430.
1938    371.    433.    405.    487.    496.    504.    515.    521.    515.    518.    515.    493.
1939    459.    419.    419.    510.    513.    521.    530.    532.    538.    532.    527.    507.
1940    388.    405.    422.    481.    481.    507.    501.    498.    510.    507.    513.    498.
1941    430.    368.    419.    467.    501.    501.    501.    490.    496.    504.    513.    504.
1942    433.    323.    439.    521.    527.    544.    544.    538.    541.    521.    530.    507.
1943    447.    419.    504.    532.    572.    572.    595.    597.    595.    589.    583.    561.
1944    430.    467.    479.    555.    561.    572.    575.    564.    561.    564.    552.    552.
1945    447.    445.    515.    532.    564.    572.    583.    572.    566.    578.    555.    544.
1946    510.    476.    552.    572.    569.    578.    572.    564.    549.    538.    532.    527.
1947    459.    430.    504.    566.    555.    569.    583.    583.    578.    566.    569.    549.
1948    521.    496.    544.    558.    589.    566.    572.    566.    549.    524.    513.    504.
1949    521.    510.    439.    515.    510.    507.    515.    515.    504.    493.    481.    479.
1950    481.    430.    433.    510.    498.    510.    527.    530.    538.    538.    530.    527.
1951    459.    473.    541.    561.    578.    589.    606.    612.    606.    612.    617.    629.
1952    634.    595.    617.    640.    634.    646.    651.    657.    657.    634.    617.    609.
1953    595.    583.    600.    600.    617.    629.    640.    634.    623.    606.    600.    583.
1954    490.    467.    589.    583.    595.    606.    617.    609.    606.    623.    614.    600.
1955    589.    538.    595.    589.    595.    595.    600.    578.    572.    561.    544.    532.
1956    447.    396.    490.    535.    586.    555.    555.    566.    561.    544.    532.    515.
1957    433.    436.    498.    507.    513.    513.    538.    524.    530.    510.    510.    504.
1958    402.    374.    481.    445.    504.    496.    498.    493.    490.    481.    467.    459.
1959    345.    374.    462.    470.    484.    487.    493.    496.    496.    504.    510.    515.
1960    504.    430.    473.    544.    549.    572.    578.    583.    580.    578.    566.    532.
1961    501.    518.    538.    538.    535.    532.    538.    541.    538.    541.    538.    521.
1962    453.    413.    518.    524.    532.    538.    535.    530.    530.    515.    504.    467.
1963    419.    374.    450.    481.    484.    493.    493.    493.    484.    479.    470.    453.
1964    396.    368.    425.    433.    450.    450.    456.    462.    462.    459.    456.    442.
1965    396.    408.    433.    476.    476.    484.    493.    496.    501.    515.    513.    513.
1966    498.    476.    501.    518.    524.    524.    527.    521.    518.    504.    501.    513.
1967    487.    459.    501.    538.    524.    541.    558.    552.    544.    541.    549.    544.
1968    476.    515.    527.    524.    527.    544.    555.    564.    561.    566.    561.    558.
1969    484.    549.    544.    566.    572.    583.    595.    603.    595.    589.    595.    572.
1970    422.    481.    555.    569.    569.    580.    589.    586.    586.    583.    586.    580.
1971    538.    510.    589.    595.    592.    606.    612.    614.    612.    603.    595.    586.
1972    572.    544.    575.    578.    592.    606.    612.    623.    629.    629.    631.    617.
1973    614.    566.    631.    626.    634.    646.    651.    654.    648.    643.    640.    626.
1974    609.    606.    623.    623.    640.    646.    660.    651.    643.    629.    620.    606.
1975    592.    586.    580.    614.    614.    629.    631.    631.    634.    612.    597.    592.
1976    490.    538.    609.    617.    640.    631.    646.    634.    612.    597.    580.    524.
1977    481.    510.    575.    558.    544.    547.    549.    544.    549.    561.    561.    569.
1978    510.    510.    538.    561.    541.    555.    566.    572.    578.    580.    572.    566.
1979    462.    473.    578.    606.    603.    606.    617.    620.    614.    600.    606.    600.
1980    592.    566.    580.    595.    592.    600.    606.    606.    606.    600.    589.    583.
1981    464.    566.    578.    578.    592.    583.    595.    592.    606.    603.    586.    572.
1982    473.    470.    566.    561.    558.    569.    572.    580.    580.    575.    580.    586.
1983    569.    569.    580.    589.    609.    617.    623.    620.    614.    609.    600.    566.
1984    467.    589.    580.    405.    595.    631.    626.    629.    626.    623.    623.    623.
1985    583.    578.    646.    640.    646.    648.    646.    648.    651.    651.    674.    634.
1986    580.    580.    640.    643.    643.    657.    663.    668.    674.    708.    677.    654.
1987    633.    584.    615.    641.    624.    627.    622.    619.    610.    598.    601.    611.
1988    549.    542.    585.    597.    589.    581.    583.    576.    566.    570.    572.    571.
1989    557.    532.    535.    568.    558.    560.    559.    561.    563.    555.    549.    481.
1990    522.    530.    528.    536.    536.    543.    557.    555.    560.    558.    562.    559.
1991    536.    530.    537.    561.    569.    578.    575.    573.    560.    549.    552.    564.
1992    546.    542.    558.    567.    564.    560.    566.    563.    565.    560.    572.    562.
1993    581.    515.    537.    563.    571.    590.    604.    600.    601.    594.    585.    582.
1994    496.    536.    588.    589.    597.    590.    595.    596.    594.    592.    594.    588.
1995    593.    536.    552.    567.    577.    573.    568.    570.    572.    558.    581.    566.
1996    458.    544.    543.    495.    597.    603.    600.    599.    610.    614.    615.    610.
1997    582.    613.    630.    619.    639.    629.    635.    641.    644.    632.    619.    611.
1998    602.    594.    605.    601.    599.    599.    600.    590.    585.    576.    563.    558.
1999    508.    550.    522.    533.    528.    533.    545.    547.    533.    528.    523.    516.
2000    480.    442.    508.    512.    506.    511.    516.    516.    516.    508.    501.    475.
2001    458.    515.    498.    488.    491.    507.    505.    504.    509.    526.    526.    534.
2002    515.    520.    515.    517.    525.    530.    539.    537.    532.    529.    525.    504.
2003    461.    440.    463.    487.    497.    498.    492.    494.    488.    492.    509.    509.
2004    466.    469.    518.    510.    533.    537.    543.    538.    528.    528.    529.    525.
2005    500.    511.    515.    528.    517.    516.    523.    517.    512.    511.    499.    499.
2006    507.    517.    514.    507.    510.    512.    507.    504.    501.    516.    504.    513.
2007    513.    446.    484.    504.    500.    499.    504.    498.    488.    489.    488.    474.
2008    476.    468.    467.    481.    494.    508.    522.    527.    532.    526.    530.    520.
2009    528.    517.    527.    536.    544.    556.    557.    560.    554.    548.    551.    546.
2010    493.    422.    502.    529.    524.    528.    536.    533.    535.    531.    516.    524.
2011    442.    413.    459.    498.    526.    520.    534.    535.    524.    529.    518.    532.
2012    518.    507.    502.    518.    514.    515.    513.    506.    494.    486.    482.    469.
2013    473.    454.    485.    492.    501.    519.    518.    514.    517.    515.    528.    535.
2014    342.    441.    499.    528.    556.    553.    571.    569.    581.    591.    598.    599.
2015    486.    499.    553.    595.    590.    603.    596.    594.    595.    582.    585.    587.
2016    605.    588.    602.    623.    616.    616.    616.    612.    604.    599.    594.    595.
2017    589.    576.    611.    601.    587.    587.    594.    598.    610.  -9999.  -9999.  -9999.