#LAKE SUPERIOR MONTHLY OUTFLOWS (10 m^3/s)
# FORTRAN FORMAT  I4 12F8.0
#,             1900         ,              2017 
UNITS:10m3s
INTERVAL:m
#####.
1900    224.    218.    207.    207.    218.    221.    232.    244.    261.    266.    266.    238.
1901    224.    212.    195.    198.    215.    224.    244.    244.    229.    229.    221.    204.
1902    187.    176.    161.    173.    184.    195.    210.    212.    218.    210.    212.    195.
1903    181.    173.    170.    176.    198.    218.    224.    227.    227.    229.    227.    207.
1904    204.    193.    193.    198.    215.    232.    238.    244.    246.    255.    246.    229.
1905    221.    201.    190.    210.    224.    232.    246.    246.    252.    263.    249.    238.
1906    232.    215.    210.    215.    229.    244.    249.    252.    249.    244.    238.    224.
1907    210.    201.    190.    198.    204.    221.    235.    249.    258.    246.    241.    232.
1908    212.    198.    184.    176.    190.    221.    244.    249.    241.    232.    224.    210.
1909    190.    173.    153.    150.    159.    178.    195.    215.    215.    212.    195.    210.
1910    190.    178.    161.    156.    161.    181.    187.    198.    195.    193.    187.    164.
1911    156.    142.    133.    136.    147.    159.    164.    178.    176.    176.    170.    164.
1912    159.    153.    147.    153.    170.    181.    181.    195.    198.    201.    195.    187.
1913    176.    170.    164.    173.    193.    198.    207.    212.    215.    227.    221.    215.
1914    198.    195.    184.    181.    198.    207.    212.    215.    227.    246.    241.    195.
1915    190.    190.    187.    181.    198.    201.    212.    215.    215.    212.    215.    207.
1916    201.    198.    195.    210.    235.    278.    278.    294.    326.    334.    323.    306.
1917    252.    244.    238.    249.    255.    258.    255.    227.    232.    241.    232.    184.
1918    187.    181.    184.    181.    187.    204.    176.    187.    210.    215.    198.    164.
1919    164.    159.    159.    159.    164.    159.    161.    156.    167.    164.    167.    167.
1920    170.    167.    164.    164.    232.    241.    252.    280.    244.    193.    173.    164.
1921    159.    161.    153.    159.    142.    139.    164.    173.    173.    159.    144.    136.
1922    125.    127.    130.    130.    133.    122.    127.    133.    130.    139.    142.    144.
1923    142.    144.    153.    150.    170.    159.    156.    156.    153.    150.    147.    150.
1924    153.    150.    153.    159.    159.    150.    142.    150.    147.    147.    153.    150.
1925    156.    153.    156.    167.    170.    156.    150.    167.    210.    218.    210.    193.
1926    167.    161.    159.    164.    170.    161.    159.    127.    119.    125.    139.    167.
1927    204.    204.    201.    210.    215.    221.    215.    229.    224.    218.    232.    210.
1928    212.    212.    207.    218.    227.    210.    195.    235.    286.    314.    331.    292.
1929    195.    156.    170.    286.    278.    215.    258.    215.    210.    170.    164.    159.
1930    156.    156.    164.    161.    164.    173.    218.    261.    232.    167.    159.    147.
1931    139.    144.    139.    144.    125.    130.    139.    136.    156.    159.    161.    150.
1932    150.    164.    164.    161.    161.    156.    170.    170.    224.    204.    195.    156.
1933    139.    133.    142.    136.    150.    159.    195.    181.    173.    184.    212.    153.
1934    164.    170.    173.    170.    164.    207.    266.    286.    261.    221.    241.    278.
1935    198.    176.    215.    272.    280.    252.    266.    269.    280.    311.    294.    193.
1936    184.    184.    184.    184.    235.    246.    241.    244.    238.    221.    218.    187.
1937    181.    181.    181.    184.    176.    215.    204.    204.    207.    204.    204.    181.
1938    176.    176.    170.    170.    229.    331.    357.    351.    345.    334.    275.    173.
1939    176.    178.    178.    210.    286.    294.    328.    357.    351.    317.    215.    187.
1940    181.    184.    153.    150.    159.    161.    173.    176.    173.    176.    173.    170.
1941    176.    176.    173.    170.    170.    170.    161.    170.    170.    218.    306.    238.
1942    235.    190.    167.    252.    190.    229.    261.    224.    224.    195.    159.    167.
1943    170.    181.    212.    229.    255.    311.    348.    360.    354.    323.    280.    212.
1944    193.    164.    164.    167.    173.    173.    227.    283.    309.    326.    289.    235.
1945    212.    210.    210.    244.    306.    300.    215.    210.    210.    229.    266.    212.
1946    210.    210.    207.    193.    218.    218.    218.    212.    218.    224.    218.    215.
1947    212.    212.    204.    207.    215.    221.    331.    326.    289.    323.    258.    221.
1948    215.    212.    210.    212.    210.    195.    184.    178.    164.    167.    167.    161.
1949    161.    161.    161.    167.    178.    181.    173.    187.    204.    204.    204.    190.
1950    178.    187.    187.    187.    193.    297.    351.    360.    357.    351.    343.    317.
1951    232.    227.    227.    294.    345.    348.    351.    345.    351.    351.    343.    292.
1952    238.    232.    229.    232.    303.    221.    190.    331.    331.    323.    303.    212.
1953    210.    204.    198.    221.    263.    278.    303.    340.    337.    323.    286.    227.
1954    210.    204.    204.    201.    215.    218.    283.    328.    320.    272.    215.    184.
1955    176.    176.    173.    170.    204.    212.    198.    187.    116.    142.    238.    218.
1956    210.    210.    207.    215.    195.    173.    176.    204.    204.    207.    198.    195.
1957    190.    187.    161.    161.    147.    153.    153.    181.    190.    190.    187.    184.
1958    201.    201.    195.    173.    176.    176.    161.    159.    161.    187.    195.    187.
1959    187.    190.    184.    198.    198.    195.    190.    195.    212.    317.    334.    252.
1960    210.    204.    195.    187.    193.    314.    326.    297.    292.    261.    207.    193.
1961    190.    190.    187.    187.    193.    195.    184.    161.    161.    164.    184.    184.
1962    181.    184.    181.    178.    170.    170.    178.    170.    159.    181.    193.    184.
1963    176.    184.    170.    161.    173.    173.    178.    176.    204.    181.    187.    159.
1964    167.    193.    193.    193.    198.    204.    229.    283.    303.    314.    328.    263.
1965    244.    238.    235.    232.    266.    280.    320.    323.    306.    289.    289.    241.
1966    218.    218.    218.    229.    227.    224.    272.    272.    294.    255.    227.    212.
1967    201.    204.    201.    201.    241.    255.    255.    261.    246.    201.    204.    198.
1968    195.    195.    190.    195.    198.    198.    283.    345.    348.    351.    348.    297.
1969    235.    261.    269.    292.    326.    328.    328.    331.    297.    195.    190.    193.
1970    193.    235.    198.    181.    181.    184.    184.    272.    224.    184.    244.    286.
1971    263.    235.    238.    269.    306.    320.    323.    300.    306.    320.    317.    280.
1972    229.    207.    212.    212.    314.    328.    323.    320.    326.    314.    328.    244.
1973    212.    161.    150.    156.    156.    159.    227.    275.    334.    263.    238.    241.
1974    215.    212.    212.    212.    207.    241.    215.    212.    210.    207.    238.    275.
1975    246.    241.    244.    261.    278.    252.    238.    229.    210.    187.    193.    198.
1976    198.    195.    195.    204.    238.    232.    227.    204.    193.    181.    161.    170.
1977    173.    173.    173.    176.    173.    176.    153.    170.    187.    278.    314.    255.
1978    221.    218.    215.    215.    232.    241.    244.    263.    275.    280.    275.    210.
1979    190.    190.    190.    190.    232.    275.    317.    323.    320.    275.    261.    229.
1980    212.    212.    210.    215.    241.    227.    218.    210.    204.    232.    235.    190.
1981    190.    190.    190.    212.    249.    272.    292.    275.    229.    136.    125.    130.
1982    127.    127.    127.    130.    173.    210.    221.    238.    241.    252.    283.    280.
1983    229.    232.    246.    244.    292.    294.    292.    300.    238.    170.    241.    238.
1984    229.    215.    229.    229.    280.    283.    303.    311.    292.    210.    161.    193.
1985    198.    198.    201.    198.    198.    193.    190.    232.    289.    345.    374.    292.
1986    241.    244.    241.    229.    300.    323.    314.    323.    306.    244.    164.    198.
1987    201.    198.    201.    201.    241.    218.    159.    156.    156.    167.    156.    156.
1988    178.    178.    178.    178.    198.    193.    159.    159.    198.    190.    159.    227.
1989    224.    227.    218.    221.    263.    266.    266.    261.    241.    204.    190.    190.
1990    190.    190.    190.    189.    204.    160.    186.    183.    184.    167.    186.    172.
1991    157.    156.    156.    193.    214.    215.    218.    248.    195.    193.    198.    234.
1992    227.    227.    218.    216.    228.    232.    212.    233.    220.    229.    223.    212.
1993    226.    229.    204.    211.    219.    243.    223.    221.    211.    213.    213.    205.
1994    212.    215.    213.    206.    239.    234.    220.    221.    214.    214.    217.    219.
1995    217.    204.    173.    182.    195.    186.    170.    199.    173.    196.    226.    205.
1996    205.    200.    201.    198.    228.    246.    260.    268.    316.    357.    318.    235.
1997    226.    229.    230.    241.    296.    319.    326.    279.    205.    192.    180.    180.
1998    182.    180.    198.    195.    203.    180.    180.    159.    155.    156.    156.    157.
1999    157.    157.    157.    152.    155.    207.    218.    249.    245.    222.    202.    204.
2000    190.    178.    172.    185.    187.    172.    208.    218.    193.    156.    157.    158.
2001    160.    157.    154.    154.    198.    212.    229.    224.    223.    196.    174.    195.
2002    202.    190.    181.    184.    205.    215.    224.    227.    227.    218.    222.    209.
2003    188.    175.    167.    178.    197.    217.    202.    210.    200.    204.    174.    178.
2004    169.    176.    174.    184.    202.    222.    226.    228.    233.    226.    236.    225.
2005    208.    203.    202.    199.    214.    225.    298.    253.    217.    190.    216.    211.
2006    197.    194.    184.    189.    191.    215.    214.    218.    177.    157.    157.    157.
2007    154.    136.    128.    139.    149.    151.    153.    154.    156.    156.    157.    165.
2008    173.    169.    162.    159.    171.    207.    223.    244.    224.    204.    168.    172.
2009    157.    155.    156.    159.    192.    212.    193.    181.    211.    180.    178.    178.
2010    200.    175.    155.    169.    155.    155.    155.    155.    154.    155.    156.    157.
2011    156.    154.    147.    147.    155.    163.    172.    174.    165.    156.    156.    156.
2012    156.    157.    150.    157.    156.    166.    209.    216.    185.    153.    162.    157.
2013    157.    156.    154.    154.    157.    205.    219.    269.    279.    279.    228.    218.
2014    207.    197.    197.    202.    236.    270.    326.    328.    291.    304.    295.    238.
2015    221.    219.    220.    195.    245.    272.    308.    307.    277.    278.    222.    232.
2016    244.    240.    240.    217.    240.    246.    289.    301.    249.    274.    257.    238.
2017    219.    230.    231.    215.    192.    230.    325.    330.    290.  -9999.  -9999.  -9999.