#WELLAND CANAL MONTHLY DIVERSION (m^3/s)
# FORTRAN FORMAT  I4 12F8.0
#,             1900         ,              2017 
UNITS:m3s
INTERVAL:m
#####.
1900     31.     31.     31.     31.     31.     31.     31.     31.     31.     31.     31.     31.
1901     31.     31.     31.     31.     31.     31.     31.     31.     31.     31.     31.     31.
1902     34.     34.     34.     34.     34.     34.     34.     34.     34.     34.     34.     34.
1903     34.     34.     34.     34.     34.     34.     34.     34.     34.     34.     34.     34.
1904     37.     37.     37.     37.     37.     37.     37.     37.     37.     37.     37.     37.
1905     40.     40.     40.     40.     40.     40.     40.     40.     40.     40.     40.     40.
1906     42.     42.     42.     42.     42.     42.     42.     42.     42.     42.     42.     42.
1907     45.     45.     45.     45.     45.     45.     45.     45.     45.     45.     45.     45.
1908     42.     42.     42.     42.     42.     42.     42.     42.     42.     42.     42.     42.
1909     51.     51.     51.     51.     51.     51.     51.     51.     51.     51.     51.     51.
1910     54.     54.     54.     54.     54.     54.     54.     54.     54.     54.     54.     54.
1911     57.     57.     57.     57.     57.     57.     57.     57.     57.     57.     57.     57.
1912     62.     62.     62.     62.     62.     62.     62.     62.     62.     62.     62.     62.
1913     68.     68.     68.     68.     68.     68.     68.     68.     68.     68.     68.     68.
1914     65.     65.     65.     65.     65.     65.     65.     65.     65.     65.     65.     65.
1915     71.     71.     71.     71.     71.     71.     71.     71.     71.     71.     71.     71.
1916     79.     79.     79.     79.     79.     79.     79.     79.     79.     79.     79.     79.
1917     82.     82.     82.     82.     82.     82.     82.     82.     82.     82.     82.     82.
1918     76.     76.     76.     76.     76.     76.     76.     76.     76.     76.     76.     76.
1919     79.     79.     79.     79.     79.     79.     79.     79.     79.     79.     79.     79.
1920     85.     85.     85.     85.     85.     85.     85.     85.     85.     85.     85.     85.
1921     79.     79.     79.     79.     79.     79.     79.     79.     79.     79.     79.     79.
1922     76.     76.     76.     76.     76.     76.     76.     76.     76.     76.     76.     76.
1923     79.     79.     79.     79.     79.     79.     79.     79.     79.     79.     79.     79.
1924     74.     74.     74.     74.     74.     74.     74.     74.     74.     74.     74.     74.
1925     74.     74.     74.     74.     74.     74.     74.     74.     74.     74.     74.     74.
1926     71.     71.     71.     71.     71.     71.     71.     71.     71.     71.     71.     71.
1927     71.     71.     74.     76.     79.     76.     76.     79.     79.     76.     79.     74.
1928     68.     68.     68.     71.     74.     74.     74.     76.     74.     79.     79.     76.
1929     74.     74.     74.     76.     76.     76.     79.     76.     74.     76.     76.     68.
1930     68.     65.     65.     71.     79.     79.     76.     79.     79.     79.     74.     62.
1931     57.     60.     60.     65.     74.     71.     68.     68.     68.     68.     74.     60.
1932     54.     54.     51.     62.     76.     76.     76.     76.     76.     79.     76.     60.
1933     54.     54.     51.     60.     76.     76.     79.     79.     82.     82.     82.     65.
1934     60.     62.     60.     62.     79.     76.     79.     79.     76.     79.     82.     62.
1935     57.     60.     60.     74.     82.     76.     74.     85.     91.     74.     99.     76.
1936     54.     62.     57.     65.     85.     79.     79.     74.     79.     88.     88.     74.
1937     42.     42.     65.     71.     82.     82.     82.     85.     85.     88.     82.     68.
1938     62.     57.     54.     74.     82.     79.     79.     82.     85.     88.     88.     68.
1939     60.     60.     62.     68.     79.     85.     79.     82.     85.     88.     91.     65.
1940     65.     68.     62.     71.     93.     96.     91.     99.     96.    110.    102.     79.
1941     71.     74.     68.     88.     96.     99.     93.     93.     99.     99.    113.     93.
1942     82.     82.     71.     93.     91.     99.    102.    102.     96.     96.     93.     82.
1943     79.     76.     79.     82.     91.     93.     96.     93.    102.    139.    150.    139.
1944    130.    139.    139.    144.    127.    156.    142.    161.    159.    159.    159.    113.
1945    147.    144.    133.    144.    156.    156.    159.    156.    159.    144.    153.    113.
1946     68.    130.    125.    119.    144.    144.    144.    150.    147.    159.    164.    150.
1947    150.    144.    142.    150.    156.    159.    139.    147.    156.    161.    164.    170.
1948    178.    181.    176.    164.    150.    153.    153.    153.    150.    164.    164.    176.
1949    198.    193.    193.    147.    156.    156.    153.    159.    164.    164.    161.    173.
1950    198.    207.    195.    159.    159.    159.    156.    159.    161.    204.    227.    212.
1951    193.    170.    176.    227.    229.    229.    227.    232.    235.    238.    235.    212.
1952    195.    198.    207.    232.    235.    235.    215.    229.    244.    241.    244.    224.
1953    218.    215.    210.    249.    244.    241.    244.    238.    238.    235.    229.    218.
1954    210.    204.    212.    164.    178.    176.    184.    232.    235.    229.    224.    218.
1955    212.    215.    212.    227.    224.    190.    181.    195.    221.    241.    235.    221.
1956    210.    207.    198.    224.    224.    241.    221.    232.    238.    238.    241.    221.
1957    204.    212.    215.    227.    238.    238.    215.    235.    241.    244.    232.    207.
1958    207.    201.    201.    161.    218.    227.    212.    207.    181.    176.    167.    176.
1959    156.    176.    167.    187.    198.    201.    176.    210.    201.    210.    212.    198.
1960    181.    178.    176.    193.    193.    187.    167.    210.    235.    227.    244.    210.
1961    207.    210.    212.    229.    195.    193.    210.    232.    227.    238.    204.    215.
1962    207.    201.    210.    224.    244.    241.    235.    241.    215.    221.    187.    207.
1963    207.    207.    210.    215.    224.    221.    204.    207.    181.    161.    170.    170.
1964    156.    161.    176.    184.    210.    195.    193.    173.    159.    133.    116.    150.
1965    184.    190.    195.    195.    221.    232.    227.    227.    224.    207.    195.    198.
1966    193.    198.    195.    229.    244.    241.    221.    241.    229.    193.    207.    212.
1967    198.    201.    201.    229.    212.    244.    238.    232.    229.    229.    232.    215.
1968    195.    193.    198.    232.    246.    229.    227.    249.    249.    255.    246.    227.
1969    204.    210.    212.    232.    215.    207.    215.    235.    235.    238.    238.    221.
1970    204.    204.    204.    227.    246.    238.    224.    204.    227.    246.    246.    238.
1971    201.    193.    164.    207.    232.    195.    235.    232.    232.    235.    235.    224.
1972    201.    198.    190.    224.    244.    246.    241.    246.    229.    238.    238.    161.
1973      8.     26.    210.    255.    269.    272.    272.    278.    272.    272.    258.    246.
1974    210.    210.    221.    244.    255.    261.    258.    246.    218.    261.    261.    249.
1975    235.    229.    227.    252.    224.    215.    201.    215.    252.    261.    263.    255.
1976    238.    238.    246.    263.    261.    261.    266.    269.    269.    275.    278.    269.
1977    218.    232.    249.    278.    266.    266.    241.    269.    266.    272.    263.    252.
1978    227.    232.    246.    232.    235.    229.    224.    238.    272.    269.    261.    261.
1979    227.    229.    249.    266.    275.    272.    286.    280.    269.    272.    272.    263.
1980    238.    238.    244.    272.    269.    269.    266.    266.    269.    272.    263.    249.
1981    198.    201.    215.    275.    261.    272.    272.    263.    263.    269.    278.    263.
1982    204.    187.    181.    227.    261.    269.    269.    252.    266.    272.    263.    258.
1983    241.    235.    184.    210.    252.    263.    269.    246.    246.    249.    246.    249.
1984    190.    181.    198.    261.    272.    261.    272.    255.    255.    261.    261.    249.
1985    201.    184.    176.    249.    263.    249.    232.    215.    229.    218.    232.    224.
1986    241.    227.    227.    241.    181.    204.    173.    227.    238.    249.    246.    238.
1987    233.    199.    215.    246.    247.    234.    241.    228.    250.    247.    252.    240.
1988    247.    244.    239.    234.    259.    257.    247.    231.    232.    223.    225.    231.
1989    234.    192.    236.    258.    259.    253.    257.    238.    256.    247.    243.    235.
1990    211.    204.    212.    252.    235.    248.    252.    236.    246.    245.    234.    242.
1991    237.    233.    241.    185.     95.    209.    228.    217.    243.    239.    234.    183.
1992    241.    241.    241.    228.    246.    244.    240.    236.    244.    231.    207.    228.
1993    214.    194.    190.    230.    229.    226.    203.    211.    221.    218.    220.    216.
1994    175.    161.    156.    190.    241.    227.    224.    229.    241.    239.    223.    250.
1995    245.    213.    232.    266.    252.    250.    246.    222.    162.    174.    204.    158.
1996    215.    214.    257.    266.    249.    248.    275.    264.    271.    274.    268.    265.
1997    254.    199.    234.    267.    258.    276.    282.    260.    283.    281.    265.    270.
1998    223.    219.    248.    265.    255.    260.    264.    252.    263.    262.    246.    240.
1999    169.    166.    216.    260.    239.    189.    237.    134.    110.    109.    202.    208.
2000    208.    214.    214.    216.    229.    225.    253.    237.    247.    219.    224.    202.
2001    205.    205.    240.    246.    257.    250.    255.    232.    218.    219.    204.    215.
2002    199.    191.    214.    270.    255.    240.    256.    249.    264.    221.    208.    202.
2003    189.    183.    200.    225.    236.    223.    235.    212.    229.    225.    199.    200.
2004    182.    169.    206.    237.    232.    230.    246.    222.    233.    230.    191.    208.
2005    166.    229.    256.    268.    276.    254.    273.    255.    224.    163.    189.    155.
2006    149.    148.    151.    162.    176.    170.    279.    232.    250.    217.    165.    172.
2007    146.    150.    160.    166.    215.    246.    260.    226.    252.    232.    184.    208.
2008    206.    220.    242.    237.    254.    261.    269.    235.    248.    240.    221.    229.
2009    206.    217.    231.    207.    222.    233.    235.    232.    248.    233.    218.    238.
2010    212.    201.    223.    224.    234.    183.    243.    213.    218.    213.    180.    215.
2011    211.    212.    232.    236.    239.    243.    258.    224.    250.    250.    223.    259.
2012    213.    212.    228.    241.    259.    253.    254.    217.    224.    164.    151.    179.
2013    193.    179.    203.    226.    237.    204.    156.    135.    101.    217.    212.    156.
2014    182.    191.    229.    240.    140.    145.    252.    246.    270.    263.    232.    256.
2015    191.    191.    238.    253.    260.    242.    242.    240.    270.    257.    234.    247.
2016    195.    191.    222.    246.    263.    228.    255.    243.    237.    258.    147.    173.
2017    143.    146.    144.    161.    121.    167.    150.    166.  -9999.  -9999.  -9999.  -9999.