#LAKE ERIE MONTHLY OUTFLOW (10M^3/S)
# FORTRAN FORMAT  I4 12F8.0
#,             1900         ,              2017 
UNITS:10m3s
INTERVAL:m
#####.
1900    540.    529.    546.    559.    585.    588.    577.    574.    563.    540.    554.    552.
1901    540.    489.    486.    491.    515.    543.    543.    537.    543.    532.    526.    526.
1902    518.    478.    492.    522.    552.    566.    600.    597.    577.    588.    574.    569.
1903    560.    535.    566.    604.    622.    622.    614.    597.    597.    585.    569.    569.
1904    499.    510.    550.    611.    646.    660.    643.    629.    615.    603.    586.    578.
1905    541.    507.    516.    540.    592.    626.    637.    626.    615.    606.    584.    595.
1906    578.    550.    538.    560.    586.    598.    598.    592.    578.    581.    589.    598.
1907    620.    584.    572.    594.    623.    635.    646.    623.    615.    612.    606.    606.
1908    612.    575.    592.    629.    660.    652.    637.    626.    601.    572.    571.    565.
1909    526.    526.    543.    554.    624.    630.    624.    602.    582.    562.    548.    571.
1910    515.    495.    529.    549.    602.    599.    585.    568.    551.    562.    554.    537.
1911    510.    487.    499.    513.    557.    557.    546.    529.    518.    529.    560.    544.
1912    527.    490.    493.    558.    600.    597.    583.    588.    591.    580.    591.    581.
1913    582.    596.    585.    667.    684.    674.    655.    626.    595.    584.    595.    591.
1914    564.    544.    519.    561.    616.    623.    601.    587.    578.    561.    567.    537.
1915    501.    501.    518.    504.    539.    548.    557.    576.    574.    571.    568.    543.
1916    564.    564.    544.    581.    624.    642.    628.    611.    591.    577.    566.    564.
1917    541.    516.    536.    581.    630.    662.    674.    659.    637.    637.    634.    622.
1918    557.    532.    569.    555.    577.    591.    586.    583.    591.    577.    594.    574.
1919    591.    569.    577.    608.    659.    659.    634.    628.    608.    586.    594.    572.
1920    509.    470.    484.    518.    572.    586.    588.    580.    574.    572.    569.    588.
1921    557.    538.    552.    586.    617.    608.    600.    574.    569.    549.    535.    572.
1922    532.    495.    501.    574.    600.    605.    588.    574.    563.    555.    546.    518.
1923    501.    478.    495.    512.    546.    560.    540.    532.    518.    509.    504.    529.
1924    551.    494.    497.    522.    576.    573.    576.    559.    548.    545.    537.    522.
1925    463.    454.    486.    494.    517.    514.    500.    494.    488.    491.    500.    494.
1926    420.    403.    440.    474.    480.    520.    503.    500.    505.    545.    565.    534.
1927    497.    488.    491.    523.    557.    569.    560.    549.    538.    521.    523.    582.
1928    554.    514.    514.    525.    554.    590.    599.    586.    571.    557.    569.    572.
1929    551.    539.    579.    642.    710.    699.    690.    665.    636.    617.    642.    616.
1930    636.    612.    637.    621.    673.    673.    648.    614.    603.    580.    568.    553.
1931    530.    499.    476.    504.    525.    525.    525.    517.    508.    497.    497.    499.
1932    540.    552.    518.    524.    546.    546.    538.    518.    498.    489.    481.    487.
1933    498.    467.    455.    485.    557.    557.    526.    506.    492.    481.    470.    453.
1934    445.    405.    411.    445.    458.    455.    444.    447.    444.    441.    427.    434.
1935    425.    411.    422.    437.    470.    481.    474.    484.    468.    454.    452.    447.
1936    404.    334.    442.    485.    495.    506.    489.    474.    464.    476.    485.    454.
1937    502.    525.    502.    528.    572.    577.    594.    572.    543.    522.    515.    497.
1938    453.    462.    501.    545.    563.    560.    555.    566.    543.    527.    530.    525.
1939    487.    476.    502.    522.    566.    574.    560.    560.    538.    533.    516.    521.
1940    465.    457.    470.    522.    544.    574.    561.    540.    545.    526.    537.    538.
1941    531.    517.    497.    510.    523.    523.    519.    510.    503.    494.    512.    490.
1942    464.    461.    491.    536.    567.    576.    574.    576.    568.    557.    570.    569.
1943    529.    549.    552.    557.    635.    683.    667.    657.    636.    609.    615.    603.
1944    551.    544.    546.    586.    630.    642.    620.    602.    591.    574.    557.    563.
1945    511.    521.    568.    597.    630.    639.    636.    633.    619.    651.    627.    617.
1946    590.    562.    576.    595.    603.    628.    620.    615.    587.    571.    580.    573.
1947    550.    518.    538.    536.    645.    707.    677.    652.    645.    608.    611.    609.
1948    567.    565.    596.    639.    672.    663.    646.    629.    601.    582.    588.    573.
1949    586.    594.    583.    587.    594.    580.    570.    560.    557.    531.    526.    527.
1950    575.    587.    586.    605.    636.    628.    602.    582.    577.    572.    589.    607.
1951    597.    586.    598.    663.    680.    671.    652.    635.    624.    613.    627.    635.
1952    666.    677.    692.    720.    735.    709.    685.    674.    672.    647.    627.    631.
1953    625.    645.    641.    654.    661.    658.    653.    650.    638.    604.    603.    625.
1954    579.    569.    610.    645.    666.    647.    624.    632.    621.    646.    656.    653.
1955    664.    636.    672.    691.    693.    665.    638.    634.    608.    619.    630.    600.
1956    542.    534.    555.    594.    651.    641.    625.    632.    630.    588.    588.    571.
1957    564.    545.    549.    601.    616.    613.    625.    596.    588.    556.    572.    565.
1958    556.    516.    518.    523.    537.    541.    548.    548.    539.    522.    524.    505.
1959    483.    499.    530.    551.    578.    578.    550.    536.    516.    528.    542.    538.
1960    565.    559.    536.    566.    611.    622.    612.    596.    593.    578.    588.    565.
1961    540.    545.    567.    619.    672.    655.    633.    623.    617.    587.    570.    578.
1962    529.    514.    548.    563.    584.    566.    557.    549.    544.    541.    520.    549.
1963    501.    474.    524.    535.    558.    564.    533.    526.    489.    470.    490.    490.
1964    423.    424.    485.    514.    551.    536.    512.    502.    487.    472.    459.    454.
1965    465.    486.    507.    513.    544.    553.    533.    522.    515.    529.    532.    524.
1966    526.    535.    552.    556.    597.    594.    581.    574.    553.    538.    533.    573.
1967    569.    555.    544.    593.    617.    594.    597.    584.    570.    587.    601.    596.
1968    577.    634.    605.    620.    633.    640.    640.    626.    620.    610.    600.    624.
1969    594.    619.    613.    640.    701.    703.    693.    689.    667.    650.    645.    629.
1970    588.    594.    597.    630.    657.    650.    648.    629.    632.    620.    637.    636.
1971    632.    611.    631.    632.    646.    671.    644.    634.    630.    628.    622.    629.
1972    641.    612.    648.    662.    698.    704.    706.    691.    677.    686.    703.    726.
1973    706.    681.    742.    782.    780.    780.    771.    744.    715.    695.    700.    693.
1974    692.    703.    738.    780.    787.    768.    742.    713.    693.    672.    678.    687.
1975    709.    699.    699.    730.    727.    730.    711.    698.    716.    694.    694.    680.
1976    666.    683.    741.    762.    765.    734.    735.    706.    701.    685.    670.    623.
1977    583.    574.    610.    645.    684.    669.    656.    662.    667.    656.    647.    674.
1978    624.    622.    641.    688.    698.    705.    665.    659.    636.    636.    615.    631.
1979    599.    594.    621.    667.    696.    698.    683.    690.    681.    684.    673.    681.
1980    687.    650.    666.    718.    726.    726.    709.    718.    709.    689.    652.    640.
1981    602.    611.    627.    636.    674.    696.    681.    684.    686.    678.    671.    658.
1982    648.    613.    661.    681.    692.    714.    669.    662.    637.    626.    648.    666.
1983    664.    641.    638.    672.    718.    686.    702.    709.    688.    662.    672.    699.
1984    624.    644.    673.    701.    707.    709.    699.    684.    677.    659.    666.    665.
1985    651.    592.    703.    773.    773.    767.    726.    711.    703.    681.    716.    775.
1986    668.    698.    761.    757.    780.    794.    781.    756.    728.    757.    739.    768.
1987    755.    716.    713.    743.    735.    718.    725.    700.    690.    673.    646.    663.
1988    642.    635.    631.    644.    660.    637.    610.    620.    594.    596.    593.    592.
1989    596.    572.    556.    623.    643.    670.    649.    644.    619.    601.    617.    565.
1990    573.    602.    620.    653.    661.    653.    627.    630.    645.    637.    620.    640.
1991    671.    652.    658.    663.    661.    643.    630.    612.    603.    580.    575.    588.
1992    571.    581.    604.    640.    650.    617.    637.    652.    672.    659.    667.    681.
1993    714.    674.    679.    726.    719.    683.    688.    659.    648.    639.    630.    638.
1994    591.    611.    624.    654.    692.    656.    669.    666.    646.    624.    635.    615.
1995    655.    615.    621.    643.    662.    629.    644.    624.    590.    605.    619.    604.
1996    580.    582.    601.    611.    663.    675.    668.    660.    678.    676.    670.    697.
1997    701.    684.    744.    764.    780.    773.    772.    742.    727.    705.    691.    699.
1998    717.    705.    741.    752.    742.    726.    718.    685.    663.    629.    608.    594.
1999    560.    582.    595.    607.    622.    588.    597.    560.    547.    544.    555.    557.
2000    539.    519.    524.    554.    580.    596.    608.    599.    578.    560.    563.    555.
2001    525.    541.    549.    564.    580.    565.    548.    544.    524.    548.    533.    570.
2002    567.    596.    590.    616.    642.    626.    601.    579.    561.    549.    552.    554.
2003    529.    513.    522.    540.    585.    581.    588.    588.    568.    563.    564.    569.
2004    577.    537.    565.    593.    619.    626.    626.    618.    602.    591.    580.    601.
2005    621.    630.    635.    657.    653.    625.    606.    580.    564.    544.    576.    558.
2006    570.    602.    586.    588.    594.    569.    616.    593.    585.    616.    587.    632.
2007    656.    588.    613.    616.    638.    596.    569.    575.    569.    553.    540.    565.
2008    582.    565.    626.    651.    647.    619.    634.    603.    578.    571.    568.    606.
2009    574.    589.    623.    635.    652.    621.    636.    626.    597.    591.    575.    609.
2010    575.    543.    556.    585.    604.    618.    615.    587.    563.    555.    546.    562.
2011    529.    512.    577.    605.    666.    679.    644.    633.    606.    628.    623.    683.
2012    693.    671.    649.    629.    599.    591.    569.    554.    535.    520.    537.    526.
2013    559.    545.    547.    569.    581.    583.    608.    598.    569.    593.    596.    581.
2014    548.    547.    559.    602.    633.    624.    638.    629.    627.    630.    636.    623.
2015    600.    574.    569.    615.    633.    666.    717.    700.    664.    642.    644.    624.
2016    652.    646.    658.    694.    710.    684.    676.    652.    626.    625.    632.    647.
2017    647.    669.    665.    704.    744.    737.    732.    711.    670.  -9999.  -9999.  -9999.