#LAKE ONTARIO MONTHLY OUTFLOW (10M^3/S)
# FORTRAN FORMAT  I4 12F8.0
#,             1900         ,              2017 
UNITS:10m3s
INTERVAL:m
#####.
1900    589.    592.    609.    677.    694.    697.    691.    671.    651.    626.    612.    629.
1901    606.    592.    583.    663.    691.    702.    685.    665.    648.    631.    597.    609.
1902    595.    535.    629.    674.    680.    688.    702.    708.    688.    665.    651.    634.
1903    623.    623.    680.    731.    736.    731.    736.    722.    708.    677.    643.    623.
1904    575.    583.    623.    725.    765.    784.    787.    773.    748.    722.    688.    626.
1905    592.    617.    600.    674.    685.    705.    733.    728.    719.    699.    682.    665.
1906    685.    663.    657.    682.    691.    697.    708.    688.    663.    654.    648.    643.
1907    631.    651.    665.    722.    739.    742.    745.    731.    705.    699.    694.    691.
1908    657.    654.    702.    787.    827.    833.    816.    790.    742.    699.    674.    643.
1909    609.    589.    634.    682.    739.    753.    748.    725.    691.    668.    637.    629.
1910    592.    566.    646.    671.    702.    705.    697.    682.    654.    640.    623.    606.
1911    578.    566.    583.    634.    657.    657.    654.    631.    609.    597.    600.    600.
1912    572.    541.    561.    668.    722.    759.    733.    714.    699.    688.    682.    688.
1913    699.    688.    705.    773.    793.    793.    779.    750.    714.    691.    685.    674.
1914    640.    609.    617.    716.    728.    728.    714.    694.    682.    648.    640.    609.
1915    603.    575.    629.    629.    626.    623.    626.    643.    648.    634.    620.    600.
1916    617.    612.    606.    694.    742.    779.    784.    753.    714.    677.    651.    631.
1917    609.    634.    626.    685.    694.    728.    759.    753.    728.    716.    711.    697.
1918    651.    631.    682.    731.    736.    733.    728.    702.    688.    671.    677.    663.
1919    677.    665.    674.    711.    756.    784.    779.    753.    722.    694.    680.    660.
1920    600.    578.    589.    648.    648.    648.    657.    648.    640.    631.    620.    640.
1921    643.    626.    665.    694.    711.    708.    694.    668.    640.    620.    595.    609.
1922    589.    561.    603.    680.    702.    714.    728.    702.    671.    648.    620.    589.
1923    566.    555.    555.    626.    648.    668.    654.    637.    612.    589.    578.    586.
1924    595.    572.    589.    634.    680.    688.    685.    674.    651.    640.    617.    589.
1925    518.    532.    609.    643.    651.    640.    629.    612.    589.    578.    583.    595.
1926    552.    510.    530.    606.    637.    634.    629.    614.    606.    617.    643.    643.
1927    597.    566.    626.    668.    671.    685.    677.    663.    634.    614.    612.    660.
1928    668.    654.    654.    699.    705.    708.    719.    711.    685.    663.    654.    665.
1929    654.    648.    677.    742.    810.    813.    807.    790.    756.    722.    714.    674.
1930    705.    714.    762.    787.    790.    796.    790.    753.    722.    685.    654.    629.
1931    606.    580.    580.    612.    620.    634.    626.    603.    586.    569.    558.    549.
1932    578.    612.    620.    660.    680.    671.    665.    648.    612.    589.    578.    575.
1933    578.    561.    558.    600.    629.    634.    614.    589.    572.    547.    521.    507.
1934    479.    490.    518.    575.    583.    572.    552.    530.    510.    496.    481.    481.
1935    470.    476.    501.    530.    549.    564.    572.    558.    532.    518.    498.    496.
1936    479.    436.    510.    617.    631.    617.    597.    566.    552.    547.    547.    527.
1937    561.    586.    595.    614.    660.    668.    671.    654.    631.    606.    606.    595.
1938    555.    569.    589.    660.    665.    660.    648.    648.    623.    609.    597.    583.
1939    558.    518.    555.    651.    677.    671.    665.    651.    617.    600.    572.    561.
1940    532.    521.    524.    595.    640.    663.    663.    646.    626.    603.    595.    597.
1941    609.    572.    572.    646.    640.    626.    612.    595.    580.    564.    564.    549.
1942    547.    532.    578.    637.    657.    671.    668.    657.    640.    626.    626.    629.
1943    592.    623.    640.    728.    776.    827.    813.    799.    767.    725.    725.    708.
1944    665.    643.    648.    685.    725.    733.    736.    714.    688.    663.    629.    629.
1945    552.    586.    657.    725.    756.    773.    767.    756.    733.    759.    745.    750.
1946    736.    677.    725.    745.    731.    736.    725.    708.    682.    668.    671.    657.
1947    643.    657.    660.    728.    767.    833.    838.    818.    790.    750.    722.    708.
1948    634.    623.    680.    776.    799.    804.    787.    762.    722.    691.    682.    663.
1949    660.    671.    699.    719.    722.    705.    682.    651.    631.    612.    589.    589.
1950    623.    637.    654.    733.    742.    745.    728.    705.    680.    665.    663.    680.
1951    688.    651.    742.    804.    833.    827.    827.    787.    762.    728.    714.    716.
1952    731.    750.    782.    833.    855.    864.    841.    804.    776.    748.    711.    719.
1953    719.    728.    733.    770.    790.    801.    782.    753.    733.    694.    671.    677.
1954    646.    657.    719.    756.    799.    790.    767.    739.    719.    716.    719.    725.
1955    736.    697.    756.    818.    833.    813.    782.    750.    725.    719.    731.    705.
1956    674.    663.    674.    728.    782.    799.    776.    750.    736.    699.    680.    668.
1957    651.    648.    663.    682.    694.    699.    702.    685.    663.    634.    617.    606.
1958    620.    600.    603.    651.    648.    651.    643.    631.    620.    609.    586.    592.
1959    504.    538.    575.    699.    745.    745.    714.    654.    620.    592.    595.    606.
1960    603.    614.    643.    699.    762.    821.    779.    742.    663.    578.    586.    595.
1961    597.    603.    592.    620.    708.    790.    756.    716.    699.    654.    612.    606.
1962    597.    592.    578.    541.    558.    603.    606.    614.    612.    597.    589.    597.
1963    595.    589.    558.    538.    532.    583.    606.    614.    600.    600.    580.    595.
1964    597.    583.    547.    507.    521.    555.    569.    586.    586.    580.    566.    547.
1965    518.    515.    510.    521.    498.    535.    569.    583.    575.    575.    595.    643.
1966    629.    629.    663.    663.    600.    600.    620.    623.    626.    612.    600.    614.
1967    620.    646.    609.    600.    620.    617.    640.    660.    657.    705.    784.    796.
1968    682.    705.    671.    742.    697.    671.    716.    742.    765.    742.    719.    711.
1969    665.    716.    722.    748.    782.    824.    841.    835.    784.    722.    702.    688.
1970    646.    665.    665.    668.    705.    705.    725.    750.    731.    745.    750.    733.
1971    668.    702.    745.    767.    807.    773.    739.    733.    745.    733.    699.    665.
1972    629.    654.    719.    773.    824.    850.    878.    878.    878.    855.    830.    765.
1973    714.    790.    847.    920.    954.    991.    991.    915.    898.    867.    833.    753.
1974    680.    750.    855.    878.    872.    926.    951.    934.    889.    858.    784.    799.
1975    725.    708.    818.    852.    867.    872.    821.    801.    796.    818.    813.    745.
1976    699.    739.    821.    867.    929.    985.    991.    923.    875.    855.    841.    677.
1977    629.    609.    699.    782.    793.    745.    708.    736.    784.    850.    838.    728.
1978    705.    807.    847.    830.    892.    872.    821.    787.    776.    745.    705.    637.
1979    626.    702.    765.    804.    821.    838.    790.    779.    801.    827.    816.    816.
1980    716.    716.    716.    787.    838.    824.    816.    833.    852.    813.    793.    711.
1981    668.    680.    750.    733.    702.    716.    745.    790.    838.    847.    841.    850.
1982    680.    711.    722.    776.    816.    821.    824.    787.    770.    750.    753.    765.
1983    657.    694.    759.    779.    796.    844.    799.    782.    784.    770.    765.    748.
1984    674.    748.    793.    799.    869.    875.    867.    864.    844.    767.    750.    736.
1985    648.    728.    784.    835.    844.    864.    858.    838.    838.    818.    810.    776.
1986    702.    816.    852.    898.    937.    920.    949.    923.    923.    917.    957.    926.
1987    847.    810.    889.    886.    932.    889.    867.    810.    779.    773.    702.    756.
1988    674.    714.    736.    716.    674.    711.    688.    697.    688.    677.    699.    697.
1989    606.    640.    620.    580.    646.    736.    796.    765.    742.    722.    742.    671.
1990    687.    719.    748.    785.    817.    833.    788.    756.    738.    730.    732.    712.
1991    672.    802.    890.    789.    867.    793.    759.    736.    717.    678.    634.    626.
1992    615.    637.    658.    693.    772.    772.    737.    778.    811.    814.    830.    836.
1993    713.    756.    829.    834.   1001.   1001.    899.    865.    787.    756.    727.    732.
1994    645.    703.    709.    741.    802.    814.    788.    769.    766.    755.    740.    725.
1995    652.    674.    748.    708.    646.    664.    666.    692.    689.    688.    757.    719.
1996    651.    727.    755.    739.    774.    834.    846.    834.    796.    810.    835.    858.
1997    725.    831.    913.    865.    853.    940.    902.    858.    840.    833.    801.    807.
1998    683.    815.    949.    814.    964.    887.    875.    838.    805.    742.    669.    633.
1999    589.    670.    685.    675.    635.    625.    622.    629.    625.    616.    601.    593.
2000    594.    590.    582.    594.    677.    752.    822.    793.    750.    692.    640.    600.
2001    594.    602.    642.    664.    673.    626.    632.    652.    640.    613.    590.    603.
2002    612.    598.    693.    708.    759.    816.    817.    768.    683.    652.    638.    616.
2003    591.    587.    558.    585.    628.    716.    712.    746.    706.    678.    684.    698.
2004    649.    713.    716.    726.    723.    766.    759.    785.    801.    790.    719.    704.
2005    627.    745.    776.    780.    801.    739.    711.    692.    685.    681.    713.    720.
2006    623.    698.    765.    742.    681.    649.    676.    714.    719.    745.    812.    787.
2007    701.    759.    794.    790.    791.    732.    697.    675.    650.    646.    637.    585.
2008    599.    674.    737.    720.    842.    808.    772.    796.    768.    718.    700.    672.
2009    634.    714.    773.    788.    817.    805.    786.    802.    772.    725.    713.    703.
2010    625.    679.    691.    678.    635.    640.    674.    717.    712.    695.    695.    700.
2011    616.    647.    685.    733.    779.    875.    840.    797.    753.    740.    760.    751.
2012    652.    781.    805.    774.    725.    683.    660.    648.    649.    622.    589.    586.
2013    595.    622.    645.    641.    641.    660.    747.    748.    733.    689.    729.    672.
2014    632.    696.    693.    689.    784.    818.    832.    807.    786.    745.    721.    668.
2015    628.    680.    646.    640.    659.    690.    825.    842.    848.    791.    782.    696.
2016    618.    701.    805.    809.    847.    766.    744.    736.    735.    692.    700.    690. 
2017    644.    689.    739.    761.    856.   1031.   1040.    995.    892.  -9999.  -9999.  -9999.