#LAKE SUPERIOR BEGINNING OF MONTH LEVELS (METRES 1985 DATUM)
# FORTRAN FORMAT I4 12F8.2
#,             1900         ,              2017 
UNITS:m
INTERVAL:m
###.##
1900  183.47  183.38  183.35  183.28  183.32  183.37  183.37  183.47  183.60  183.75  183.73  183.64
1901  183.52  183.41  183.34  183.32  183.37  183.41  183.52  183.61  183.61  183.55  183.57  183.49
1902  183.40  183.31  183.26  183.25  183.31  183.40  183.49  183.52  183.52  183.52  183.51  183.49
1903  183.41  183.34  183.23  183.26  183.34  183.54  183.55  183.63  183.64  183.67  183.64  183.58
1904  183.44  183.37  183.34  183.31  183.31  183.46  183.52  183.52  183.58  183.61  183.64  183.54
1905  183.43  183.31  183.28  183.31  183.34  183.44  183.54  183.60  183.64  183.69  183.63  183.60
1906  183.51  183.41  183.37  183.29  183.37  183.44  183.55  183.55  183.55  183.54  183.49  183.44
1907  183.35  183.29  183.25  183.25  183.23  183.38  183.46  183.49  183.58  183.63  183.57  183.47
1908  183.32  183.23  183.19  183.14  183.19  183.38  183.49  183.54  183.51  183.47  183.40  183.28
1909  183.20  183.11  183.08  183.03  183.08  183.25  183.26  183.38  183.40  183.38  183.34  183.35
1910  183.29  183.22  183.14  183.11  183.17  183.22  183.23  183.25  183.28  183.25  183.19  183.12
1911  183.00  182.94  182.88  182.83  182.85  183.00  183.11  183.25  183.31  183.34  183.29  183.23
1912  183.19  183.11  183.08  183.06  183.19  183.28  183.37  183.40  183.46  183.44  183.43  183.32
1913  183.26  183.14  183.08  183.14  183.22  183.34  183.38  183.47  183.51  183.55  183.54  183.52
1914  183.41  183.32  183.26  183.20  183.29  183.40  183.46  183.51  183.52  183.52  183.44  183.38
1915  183.23  183.22  183.15  183.06  183.12  183.20  183.35  183.40  183.40  183.49  183.51  183.52
1916  183.47  183.43  183.37  183.34  183.52  183.69  183.79  183.81  183.81  183.84  183.78  183.66
1917  183.58  183.44  183.38  183.38  183.37  183.43  183.50  183.51  183.55  183.53  183.47  183.38
1918  183.28  183.22  183.18  183.11  183.16  183.29  183.38  183.42  183.46  183.43  183.45  183.44
1919  183.41  183.34  183.31  183.26  183.35  183.42  183.47  183.48  183.47  183.47  183.41  183.42
1920  183.33  183.29  183.26  183.34  183.41  183.47  183.57  183.61  183.58  183.50  183.48  183.39
1921  183.36  183.25  183.19  183.19  183.31  183.43  183.46  183.51  183.51  183.49  183.42  183.32
1922  183.21  183.13  183.09  183.09  183.20  183.33  183.42  183.49  183.51  183.50  183.43  183.34
1923  183.27  183.20  183.12  183.11  183.15  183.19  183.23  183.30  183.32  183.32  183.31  183.26
1924  183.19  183.11  183.04  182.99  183.05  183.07  183.11  183.17  183.26  183.28  183.26  183.17
1925  183.06  182.99  182.94  182.93  182.97  183.02  183.10  183.15  183.15  183.16  183.06  182.96
1926  182.87  182.79  182.72  182.72  182.72  182.79  182.90  183.00  183.06  183.17  183.19  183.20
1927  183.17  183.09  183.06  183.09  183.18  183.36  183.44  183.54  183.51  183.51  183.48  183.42
1928  183.35  183.28  183.22  183.20  183.28  183.39  183.51  183.60  183.67  183.70  183.73  183.63
1929  183.50  183.44  183.43  183.45  183.47  183.50  183.53  183.59  183.55  183.57  183.54  183.49
1930  183.42  183.35  183.33  183.28  183.31  183.42  183.55  183.61  183.56  183.53  183.49  183.45
1931  183.36  183.29  183.21  183.15  183.18  183.26  183.34  183.40  183.39  183.42  183.43  183.45
1932  183.40  183.34  183.31  183.26  183.31  183.44  183.47  183.57  183.62  183.53  183.47  183.41
1933  183.35  183.29  183.27  183.22  183.33  183.49  183.55  183.58  183.56  183.58  183.56  183.50
1934  183.43  183.40  183.35  183.34  183.39  183.52  183.56  183.58  183.54  183.61  183.59  183.61
1935  183.50  183.45  183.38  183.40  183.45  183.49  183.58  183.66  183.64  183.58  183.56  183.47
1936  183.41  183.35  183.33  183.34  183.40  183.58  183.61  183.58  183.59  183.55  183.47  183.38
1937  183.33  183.28  183.29  183.23  183.35  183.49  183.50  183.59  183.63  183.59  183.57  183.54
1938  183.46  183.40  183.36  183.38  183.56  183.65  183.75  183.72  183.71  183.66  183.58  183.53
1939  183.47  183.43  183.40  183.40  183.46  183.59  183.72  183.74  183.73  183.66  183.56  183.47
1940  183.36  183.29  183.22  183.16  183.19  183.37  183.51  183.56  183.54  183.51  183.45  183.43
1941  183.36  183.28  183.21  183.15  183.30  183.39  183.48  183.52  183.55  183.67  183.70  183.61
1942  183.53  183.44  183.37  183.38  183.43  183.58  183.60  183.63  183.65  183.63  183.65  183.64
1943  183.56  183.50  183.46  183.44  183.48  183.64  183.81  183.80  183.79  183.70  183.62  183.53
1944  183.40  183.32  183.25  183.23  183.28  183.45  183.63  183.73  183.77  183.76  183.63  183.59
1945  183.46  183.40  183.38  183.45  183.54  183.57  183.59  183.64  183.68  183.68  183.61  183.56
1946  183.47  183.42  183.37  183.41  183.44  183.50  183.58  183.61  183.61  183.64  183.65  183.61
1947  183.52  183.43  183.36  183.30  183.42  183.55  183.76  183.74  183.73  183.70  183.61  183.52
1948  183.41  183.32  183.24  183.21  183.39  183.41  183.44  183.49  183.54  183.50  183.42  183.43
1949  183.36  183.31  183.26  183.23  183.28  183.40  183.51  183.62  183.61  183.58  183.59  183.52
1950  183.45  183.41  183.35  183.34  183.42  183.69  183.80  183.86  183.86  183.82  183.79  183.75
1951  183.62  183.53  183.54  183.54  183.66  183.73  183.80  183.80  183.83  183.85  183.82  183.74
1952  183.66  183.60  183.52  183.48  183.58  183.58  183.69  183.85  183.85  183.76  183.58  183.49
1953  183.40  183.34  183.30  183.29  183.37  183.51  183.65  183.70  183.71  183.62  183.51  183.42
1954  183.35  183.28  183.24  183.19  183.33  183.51  183.62  183.61  183.55  183.51  183.44  183.39
1955  183.28  183.19  183.15  183.14  183.27  183.34  183.37  183.43  183.47  183.47  183.48  183.46
1956  183.36  183.29  183.20  183.13  183.16  183.30  183.37  183.47  183.48  183.45  183.39  183.33
1957  183.27  183.15  183.11  183.11  183.23  183.30  183.42  183.48  183.47  183.47  183.40  183.39
1958  183.31  183.25  183.18  183.13  183.17  183.20  183.30  183.40  183.44  183.47  183.43  183.41
1959  183.32  183.24  183.19  183.16  183.20  183.36  183.44  183.47  183.60  183.66  183.62  183.49
1960  183.40  183.34  183.26  183.20  183.36  183.54  183.56  183.57  183.55  183.49  183.41  183.40
1961  183.28  183.20  183.18  183.18  183.23  183.33  183.37  183.40  183.38  183.41  183.41  183.35
1962  183.29  183.19  183.18  183.15  183.18  183.33  183.37  183.40  183.45  183.47  183.40  183.31
1963  183.22  183.17  183.11  183.12  183.20  183.27  183.40  183.42  183.45  183.43  183.39  183.34
1964  183.23  183.19  183.11  183.06  183.18  183.37  183.47  183.49  183.53  183.55  183.47  183.41
1965  183.32  183.23  183.18  183.15  183.22  183.37  183.40  183.42  183.43  183.45  183.43  183.42
1966  183.36  183.30  183.25  183.27  183.33  183.43  183.48  183.50  183.55  183.47  183.46  183.40
1967  183.33  183.29  183.24  183.22  183.37  183.40  183.50  183.51  183.53  183.45  183.45  183.38
1968  183.30  183.22  183.15  183.16  183.31  183.39  183.57  183.70  183.75  183.79  183.77  183.64
1969  183.58  183.56  183.49  183.42  183.51  183.56  183.58  183.58  183.58  183.51  183.47  183.41
1970  183.32  183.27  183.21  183.16  183.26  183.45  183.53  183.63  183.60  183.60  183.65  183.64
1971  183.57  183.46  183.47  183.44  183.52  183.64  183.70  183.70  183.69  183.65  183.65  183.60
1972  183.51  183.46  183.41  183.42  183.49  183.58  183.58  183.64  183.72  183.72  183.62  183.55
1973  183.46  183.38  183.34  183.41  183.47  183.62  183.71  183.77  183.82  183.76  183.72  183.63
1974  183.54  183.48  183.42  183.36  183.47  183.56  183.67  183.74  183.81  183.79  183.77  183.74
1975  183.65  183.60  183.55  183.48  183.50  183.58  183.67  183.69  183.65  183.64  183.57  183.61
1976  183.53  183.46  183.42  183.45  183.56  183.57  183.64  183.65  183.60  183.50  183.41  183.31
1977  183.20  183.14  183.10  183.18  183.24  183.28  183.34  183.43  183.50  183.66  183.62  183.58
1978  183.52  183.42  183.34  183.30  183.31  183.40  183.47  183.54  183.61  183.59  183.48  183.39
1979  183.30  183.22  183.20  183.28  183.40  183.58  183.70  183.71  183.67  183.63  183.62  183.59
1980  183.48  183.44  183.37  183.31  183.38  183.41  183.44  183.47  183.52  183.56  183.51  183.42
1981  183.31  183.23  183.25  183.25  183.37  183.40  183.53  183.49  183.46  183.38  183.37  183.32
1982  183.26  183.19  183.14  183.14  183.25  183.40  183.42  183.55  183.57  183.59  183.67  183.64
1983  183.61  183.53  183.47  183.45  183.51  183.58  183.61  183.63  183.62  183.59  183.64  183.64
1984  183.53  183.44  183.43  183.39  183.47  183.50  183.64  183.65  183.66  183.62  183.61  183.57
1985  183.53  183.45  183.42  183.42  183.52  183.64  183.70  183.78  183.83  183.87  183.87  183.87
1986  183.76  183.67  183.62  183.62  183.74  183.74  183.79  183.83  183.82  183.81  183.77  183.72
1987  183.62  183.53  183.47  183.43  183.42  183.46  183.46  183.54  183.55  183.51  183.43  183.40
1988  183.34  183.26  183.17  183.17  183.21  183.26  183.28  183.29  183.43  183.43  183.40  183.51
1989  183.43  183.38  183.30  183.28  183.34  183.45  183.54  183.52  183.52  183.44  183.41  183.32
1990  183.23  183.17  183.09  183.08  183.14  183.19  183.32  183.37  183.35  183.37  183.40  183.36
1991  183.27  183.20  183.14  183.19  183.27  183.36  183.42  183.47  183.44  183.42  183.44  183.48
1992  183.40  183.33  183.26  183.22  183.26  183.36  183.38  183.46  183.48  183.54  183.52  183.48
1993  183.46  183.38  183.26  183.22  183.31  183.45  183.51  183.60  183.64  183.59  183.56  183.48
1994  183.44  183.34  183.30  183.28  183.37  183.44  183.50  183.56  183.58  183.61  183.54  183.46
1995  183.38  183.28  183.20  183.20  183.22  183.30  183.32  183.40  183.44  183.44  183.52  183.44
1996  183.37  183.34  183.32  183.30  183.39  183.53  183.64  183.74  183.78  183.76  183.73  183.64
1997  183.59  183.57  183.50  183.50  183.60  183.66  183.69  183.70  183.64  183.64  183.58  183.52
1998  183.43  183.36  183.32  183.33  183.34  183.36  183.43  183.40  183.36  183.30  183.24  183.22
1999  183.16  183.10  183.09  183.05  183.14  183.28  183.34  183.47  183.45  183.42  183.36  183.28
2000  183.20  183.13  183.06  183.11  183.12  183.18  183.32  183.32  183.30  183.22  183.17  183.12
2001  183.02  182.96  182.92  182.89  183.18  183.30  183.36  183.38  183.39  183.31  183.28  183.30
2002  183.28  183.17  183.12  183.09  183.22  183.28  183.35  183.40  183.39  183.42  183.40  183.33
2003  183.22  183.10  183.04  183.06  183.13  183.24  183.23  183.29  183.28  183.30  183.26  183.24
2004  183.16  183.10  183.06  183.09  183.20  183.32  183.38  183.41  183.44  183.45  183.52  183.42
2005  183.36  183.28  183.26  183.22  183.27  183.34  183.44  183.40  183.36  183.32  183.36  183.34
2006  183.26  183.21  183.14  183.12  183.18  183.29  183.30  183.33  183.24  183.16  183.08  183.02
2007  182.96  182.88  182.79  182.80  182.86  182.89  182.98  183.02  183.00  183.06  183.22  183.16
2008  183.10  183.06  182.99  182.96  183.12  183.22  183.36  183.44  183.39  183.37  183.28  183.24
2009  183.16  183.11  183.10  183.10  183.20  183.28  183.34  183.35  183.44  183.41  183.37  183.34
2010  183.28  183.18  183.10  183.08  183.06  183.08  183.18  183.18  183.21  183.24  183.16  183.12
2011  183.02  182.97  182.90  182.86  182.96  183.10  183.20  183.28  183.26  183.23  183.18  183.14
2012  183.05  182.98  182.92  182.98  183.01  183.14  183.28  183.30  183.25  183.14  183.14  183.06
2013  183.02  182.96  182.92  182.90  182.98  183.22  183.32  183.44  183.48  183.46  183.42  183.38
2014  183.33  183.25  183.24  183.23  183.34  183.54  183.63  183.67  183.68  183.70  183.70  183.66
2015  183.60  183.50  183.43  183.42  183.48  183.59  183.67  183.69  183.69  183.67  183.58  183.57
2016  183.58  183.52  183.48  183.48  183.50  183.54  183.66  183.70  183.70  183.71  183.62  183.58
2017  183.50  183.44  183.42  183.37  183.50  183.63  183.74  183.75  183.79  183.81  -9999.  -9999.